-0.0916816, 0.0418399, 0.0369304, 0.202351, 0.441532, 0.493345, 0.427576, 0.313439, 0.246242, 0.234649, 0.263021, 0.307977, 0.353185, 0.389456, 0.412197, 0.419373, 0.410321, 0.385286, 0.345214, 0.291664, 0.226724, 0.15293, 0.0731644, -0.00945852, -0.0917121, -0.170384, -0.242403, -0.304955, -0.355598, -0.392355, -0.41379, -0.419065, -0.407976, -0.380955, -0.339057, -0.283918, -0.217692, -0.142964, -0.0626542, 0.0201027, 0.102075, 0.18006, 0.251015, 0.312166, 0.361127, 0.395986, 0.415381, 0.418555, 0.405383, 0.376381, 0.332681, 0.275989, 0.208519, 0.132906, 0.0521036, -0.030734, -0.112371, -0.18962, -0.259465, -0.319176, -0.366424, -0.399362, -0.416704, -0.417774, -0.402529, -0.371565, -0.32609, -0.267882, -0.199212, -0.122763, -0.0415194, 0.0413454, 0.122596, 0.199058, 0.267747, 0.325981, 0.371484, 0.40248, 0.417759, 0.416724, 0.399415, 0.366509, 0.319288, 0.259596, 0.189752, 0.112444, 0.0305394, -0.0531871, -0.13679, -0.220121, -0.306308, -0.405013, -0.519581, -0.665846, -0.785891, -0.85009, -0.813368, -0.562327, -0.462553, -0.440623, 3.70367
-1.05504, -1.14187, -0.809655, -0.439547, -0.247296, -0.152581, -0.344721, -0.392038, -0.428836, -0.335374, -0.198276, -0.0210528, 0.165526, 0.35067, 0.523311, 0.67602, 0.802436, 0.897552, 0.957623, 0.980301, 0.964696, 0.911419, 0.82255, 0.701559, 0.553172, 0.383182, 0.198228, 0.0055338, -0.187377, -0.37297, -0.543999, -0.693783, -0.816475, -0.907281, -0.962658, -0.980441, -0.959937, -0.901946, -0.808733, -0.683937, -0.532433, -0.360137, -0.173777, 0.0193693, 0.211759, 0.39588, 0.56454, 0.711155, 0.829998, 0.916429, 0.967072, 0.979949, 0.954558, 0.891891, 0.794393, 0.665874, 0.511351, 0.33686, 0.149214, -0.0442599, -0.236005, -0.418533, -0.584718, -0.728068, -0.842987, -0.924985, -0.970862, -0.978825, -0.948564, -0.88126, -0.779542, -0.647381, -0.48994, -0.313365, -0.124554, 0.0691219, 0.260098, 0.440917, 0.604518, 0.744512, 0.855431, 0.932945, 0.974025, 0.977071, 0.941943, 0.870088, 0.763971, 0.628808, 0.465877, 0.292515, 0.0829252, -0.0797415, -0.356143, -0.435426, -0.764012, -0.803723, -0.918007, -1.09256, -1.04581, -1.07368, 3.70367
-0.119398, -0.35096, 0.0112185, 0.131653, 0.425833, 0.33605, 0.213802, 0.11714, 0.0545473, 0.0649747, 0.0937418, 0.140388, 0.185887, 0.227313, 0.260382, 0.283586, 0.295757, 0.296399, 0.285468, 0.263391, 0.231028, 0.189643, 0.140852, 0.0865613, 0.0288898, -0.0299099, -0.0875415, -0.141755, -0.190432, -0.231673, -0.263866, -0.285755, -0.296486, -0.295638, -0.283244, -0.25979, -0.226191, -0.183759, -0.13415, -0.0793031, -0.0213591, 0.037419, 0.0947359, 0.148353, 0.196177, 0.23634, 0.267274, 0.28777, 0.297028, 0.294687, 0.280838, 0.256022, 0.221208, 0.177756, 0.127362, 0.0719938, 0.0138146, -0.044904, -0.101869, -0.154856, -0.201796, -0.240855, -0.270509, -0.289598, -0.297379, -0.293547, -0.278251, -0.252089, -0.216083, -0.171638, -0.120491, -0.0646381, -0.00626124, 0.0523601, 0.108937, 0.161259, 0.207284, 0.245215, 0.273569, 0.29124, 0.297538, 0.292217, 0.275483, 0.247993, 0.2108, 0.165405, 0.113277, 0.0571068, -0.00424343, -0.062009, -0.138111, -0.190378, -0.313531, -0.385531, -0.501424, -0.691194, -0.455324, -0.640372, -0.383607, -0.24694, 3.70367
-0.877039, -0.791553, -0.555137, -0.292914, -0.177177, -0.213375, -0.359987, -0.37917, -0.374454, -0.269751, -0.141266, 0.0141522, 0.172072, 0.326274, 0.468114, 0.591951, 0.692703, 0.766422, 0.810213, 0.822365, 0.802403, 0.751106, 0.670477, 0.563665, 0.434842, 0.289037, 0.131945, -0.0303002, -0.191362, -0.34495, -0.485068, -0.606243, -0.703744, -0.773763, -0.813565, -0.821596, -0.797543, -0.742344, -0.658157, -0.548267, -0.416967, -0.269383, -0.11128, 0.0511687, 0.211619, 0.363806, 0.501785, 0.620169, 0.714335, 0.780605, 0.816391, 0.820296, 0.792168, 0.733104, 0.645411, 0.532515, 0.398823, 0.249556, 0.0905439, -0.0720041, -0.23174, -0.382427, -0.518179, -0.633695, -0.724465, -0.786944, -0.818691, -0.818467, -0.786281, -0.72339, -0.63225, -0.516419, -0.380421, -0.229568, -0.0697492, 0.092793, 0.251712, 0.400801, 0.534238, 0.646812, 0.734128, 0.792775, 0.820462, 0.816111, 0.779873, 0.713226, 0.618449, 0.500179, 0.359228, 0.210809, 0.0301149, -0.108948, -0.352848, -0.427068, -0.699913, -0.750293, -0.721959, -0.873885, -0.770524, -0.665782, 3.70367
-0.220697, -0.361703, 0.00766257, 0.0695851, 0.235582, 0.157482, 0.0328652, -0.0204345, -0.0708184, -0.0534153, -0.0279183, 0.0151162, 0.0590632, 0.103003, 0.143116, 0.177852, 0.205659, 0.225448, 0.236435, 0.238189, 0.230642, 0.214087, 0.189173, 0.15687, 0.118442, 0.0753889, 0.0293914, -0.0177538, -0.0642058, -0.10815, -0.147872, -0.181818, -0.208665, -0.227362, -0.237181, -0.237738, -0.229011, -0.21134, -0.185417, -0.152252, -0.113142, -0.069614, -0.0233671, 0.0237923, 0.0700226, 0.113518, 0.152581, 0.185685, 0.211538, 0.229131, 0.237775, 0.237134, 0.227232, 0.208457, 0.181541, 0.147536, 0.107769, 0.0637941, 0.0173276, -0.0298155, -0.0757943, -0.118813, -0.157192, -0.189433, -0.214276, -0.230751, -0.238215, -0.236376, -0.225307, -0.205439, -0.177548, -0.142724, -0.102327, -0.057933, -0.011277, 0.0358194, 0.081517, 0.124031, 0.161702, 0.193058, 0.216875, 0.232222, 0.238501, 0.235467, 0.223223, 0.202299, 0.173236, 0.137923, 0.0945352, 0.0524591, -0.0119586, -0.0447056, -0.164311, -0.176577, -0.324006, -0.41357, -0.250802, -0.526228, -0.19506, -0.249319, 3.70367
-0.497121, -0.490009, -0.288585, -0.205097, -0.127704, -0.163013, -0.249294, -0.247627, -0.240285, -0.169, -0.0873921, 0.0108794, 0.109782, 0.206222, 0.294751, 0.371936, 0.434609, 0.480322, 0.507277, 0.514423, 0.501481, 0.468955, 0.418115, 0.350948, 0.270076, 0.178657, 0.0802606, -0.0212696, -0.121969, -0.217906, -0.305333, -0.380836, -0.441467, -0.484859, -0.509316, -0.513883, -0.498383, -0.46342, -0.41036, -0.341275, -0.258862, -0.166341, -0.0673241, 0.0343222, 0.134628, 0.229677, 0.315756, 0.389504, 0.448042, 0.489084, 0.511026, 0.513011, 0.494963, 0.457586, 0.40234, 0.331381, 0.247482, 0.153919, 0.0543441, -0.0473526, -0.1472, -0.241299, -0.325975, -0.397922, -0.454328, -0.492993, -0.512406, -0.511809, -0.491224, -0.451457, -0.39406, -0.321274, -0.235942, -0.141397, -0.041329, 0.0603524, 0.159677, 0.252766, 0.335984, 0.406082, 0.460321, 0.496585, 0.513455, 0.510276, 0.487158, 0.445048, 0.385366, 0.311079, 0.222461, 0.129607, 0.0148346, -0.0711415, -0.232161, -0.27496, -0.464978, -0.494582, -0.462459, -0.582796, -0.417737, -0.409059, 3.70367
-0.16035, -0.21462, -0.0351607, -0.00102744, 0.0616592, 0.0308395, -0.0406507, -0.0599056, -0.0833533, -0.0672911, -0.0471452, -0.0163206, 0.0157037, 0.0483346, 0.0791603, 0.107006, 0.130681, 0.14926, 0.16201, 0.168434, 0.168281, 0.161556, 0.148522, 0.129688, 0.105789, 0.0777595, 0.0466932, 0.0138035, -0.0196253, -0.0522876, -0.0829081, -0.110291, -0.133367, -0.151234, -0.163196, -0.168785, -0.167782, -0.160228, -0.146416, -0.126886, -0.102402, -0.0739182, -0.0425481, -0.00951639, 0.0238869, 0.0563574, 0.086627, 0.113514, 0.135968, 0.153112, 0.164277, 0.169026, 0.167175, 0.158796, 0.144215, 0.124003, 0.0989481, 0.0700291, 0.0383755, 0.00522314, -0.0281331, -0.0603908, -0.0902901, -0.116663, -0.138481, -0.154891, -0.165252, -0.169159, -0.166461, -0.157262, -0.141922, -0.12104, -0.0954307, -0.0660949, -0.0341781, -0.000926519, 0.0323612, 0.0643852, 0.0938949, 0.119738, 0.140905, 0.156569, 0.166119, 0.169183, 0.165632, 0.155634, 0.139427, 0.118074, 0.0906204, 0.0626044, 0.0206438, -0.0026985, -0.0787483, -0.0817074, -0.184892, -0.204867, -0.157305, -0.281207, -0.115137, -0.170611, 3.70367
-0.150502, -0.162912, -0.0902053, -0.0720872, -0.0460446, -0.0558843, -0.0838479, -0.081451, -0.0790576, -0.0553495, -0.0287457, 0.0033752, 0.0356434, 0.0671238, 0.0960236, 0.121229, 0.141703, 0.156648, 0.165475, 0.167841, 0.163652, 0.153073, 0.136515, 0.114627, 0.0882622, 0.0584507, 0.0263566, -0.0067667, -0.0396258, -0.0709374, -0.0994789, -0.124136, -0.143945, -0.158132, -0.166145, -0.167669, -0.162646, -0.151271, -0.133989, -0.111474, -0.084606, -0.0544342, -0.0221366, 0.0110255, 0.043757, 0.0747797, 0.102882, 0.126967, 0.146094, 0.159515, 0.166707, 0.167389, 0.161534, 0.149371, 0.131375, 0.108249, 0.0808953, 0.0503825, 0.0179022, -0.0152771, -0.0478599, -0.0785737, -0.106219, -0.129716, -0.148148, -0.160795, -0.167162, -0.167001, -0.160319, -0.147376, -0.128677, -0.104954, -0.0771323, -0.0462984, -0.0136564, 0.0195189, 0.051932, 0.082317, 0.109487, 0.132382, 0.150107, 0.161971, 0.167509, 0.166506, 0.158996, 0.145288, 0.125842, 0.101631, 0.0727127, 0.0424586, 0.00481118, -0.0230471, -0.0767239, -0.0899216, -0.155239, -0.163542, -0.154969, -0.195655, -0.130462, -0.138078, 3.70367
0.0384828, 0.0270597, 0.0353637, 0.0262638, 0.0274664, 0.0237774, 0.0242681, 0.0209064, 0.0177058, 0.0124665, 0.00679093, 0.000543473, -0.00573513, -0.0118313, -0.0174677, -0.0224257, -0.0265082, -0.0295558, -0.0314491, -0.0321144, -0.0315255, -0.0297056, -0.0267255, -0.0227019, -0.0177916, -0.0121866, -0.00610573, 0.000213618, 0.00652462, 0.0125808, 0.0181457, 0.023002, 0.0269601, 0.0298653, 0.0316042, 0.032109, 0.0313598, 0.029386, 0.0262646, 0.0221176, 0.0171069, 0.0114281, 0.00530299, -0.00102918, -0.00732116, -0.0133272, -0.0188129, -0.0235638, -0.0273946, -0.0301556, -0.0317389, -0.0320828, -0.0311738, -0.0290475, -0.0257868, -0.0215191, -0.016411, -0.0106621, -0.00449682, 0.00184408, 0.00811297, 0.014065, 0.0194678, 0.0241104, 0.0278114, 0.0304264, 0.0318531, 0.032036, 0.0309678, 0.0286902, 0.0252923, 0.0209067, 0.0157046, 0.00988929, 0.00368776, -0.00265779, -0.00889955, -0.0147938, -0.0201103, -0.0246414, -0.0282103, -0.0306776, -0.0319468, -0.0319685, -0.0307415, -0.0283147, -0.0247777, -0.0202839, -0.0149456, -0.00913484, -0.0025493, 0.0033496, 0.0112254, 0.0151711, 0.0244912, 0.0238291, 0.0322658, 0.0234539, 0.0368975, 0.0182766, 3.70367
0.155665, 0.155698, 0.0912819, 0.0531351, 0.0299107, 0.0351627, 0.0731339, 0.0757057, 0.0818368, 0.0640497, 0.0433821, 0.0160528, -0.0121733, -0.0406066, -0.0674969, -0.0918138, -0.112549, -0.128893, -0.140204, -0.146041, -0.146174, -0.140598, -0.129533, -0.113408, -0.0928554, -0.0686763, -0.0418153, -0.0133214, 0.0156928, 0.0440941, 0.0707735, 0.0946891, 0.114907, 0.130638, 0.141267, 0.146379, 0.145775, 0.139478, 0.127735, 0.111003, 0.0899367, 0.0653581, 0.0382271, 0.00960337, -0.0193954, -0.0476368, -0.0740179, -0.0975085, -0.117191, -0.132298, -0.142237, -0.146623, -0.145282, -0.138268, -0.125855, -0.108527, -0.0869601, -0.0619978, -0.0346143, -0.00587917, 0.0230856, 0.0511488, 0.0772146, 0.100265, 0.1194, 0.133872, 0.143117, 0.146772, 0.144696, 0.136969, 0.123894, 0.10598, 0.0839274, 0.0585974, 0.0309792, 0.00215117, -0.0267609, -0.0546278, -0.0803615, -0.102957, -0.121532, -0.135361, -0.143903, -0.146827, -0.144012, -0.135586, -0.121791, -0.10341, -0.0801483, -0.0554715, -0.0220668, 0.000773787, 0.0544555, 0.0624656, 0.135036, 0.137986, 0.140287, 0.174899, 0.128899, 0.119413, 3.70367
0.301373, 0.306531, 0.180432, 0.112621, 0.0670435, 0.0775098, 0.147575, 0.150287, 0.159052, 0.12223, 0.0798531, 0.0249156, -0.0315134, -0.088009, -0.141149, -0.188896, -0.229274, -0.260706, -0.281958, -0.292199, -0.29103, -0.278495, -0.255085, -0.221713, -0.179683, -0.130637, -0.0764886, -0.0193534, 0.0385376, 0.0949236, 0.147603, 0.194518, 0.233837, 0.264024, 0.283901, 0.292691, 0.290051, 0.276084, 0.251336, 0.216773, 0.173744, 0.123931, 0.0692775, 0.0119191, -0.0459048, -0.101936, -0.153987, -0.200024, -0.23825, -0.267172, -0.28566, -0.292993, -0.288885, -0.273495, -0.247424, -0.211692, -0.167693, -0.117144, -0.0620218, -0.00447708, 0.0532425, 0.108883, 0.160271, 0.205401, 0.242509, 0.270147, 0.287236, 0.293107, 0.287532, 0.270729, 0.243354, 0.206475, 0.161533, 0.110283, 0.054726, -0.00296781, -0.0605458, -0.115759, -0.166452, -0.210645, -0.246612, -0.272948, -0.288625, -0.293032, -0.285987, -0.267797, -0.239008, -0.20121, -0.153954, -0.103943, -0.0374099, 0.00887971, 0.113425, 0.130885, 0.270049, 0.277135, 0.279843, 0.347175, 0.253563, 0.239048, 3.70367
0.426068, 0.43549, 0.252613, 0.156376, 0.090757, 0.106484, 0.207549, 0.212252, 0.225716, 0.173882, 0.114131, 0.0363757, -0.0435441, -0.123625, -0.198995, -0.266764, -0.324126, -0.368842, -0.399155, -0.413881, -0.412445, -0.394901, -0.361937, -0.314838, -0.255445, -0.186076, -0.10944, -0.0285311, 0.0534923, 0.133427, 0.208151, 0.274746, 0.330612, 0.373568, 0.401935, 0.414606, 0.411086, 0.391512, 0.35665, 0.30786, 0.247047, 0.176587, 0.0992313, 0.0180002, -0.0639338, -0.143371, -0.21721, -0.282566, -0.336887, -0.378053, -0.404455, -0.415063, -0.409462, -0.387871, -0.351133, -0.300683, -0.23849, -0.166985, -0.0889582, -0.00745767, 0.0743341, 0.153223, 0.226128, 0.290203, 0.342945, 0.382294, 0.406715, 0.415252, 0.407574, 0.383979, 0.345389, 0.293312, 0.22978, 0.157275, 0.0786277, -0.00308969, -0.0846864, -0.162976, -0.234901, -0.297653, -0.348781, -0.386289, -0.408711, -0.415175, -0.405412, -0.37985, -0.339254, -0.285874, -0.219034, -0.148314, -0.0539213, 0.0114452, 0.160421, 0.184633, 0.383375, 0.393406, 0.396075, 0.494326, 0.357468, 0.340126, 3.70367
0.538883, 0.551369, 0.319941, 0.198682, 0.115626, 0.135495, 0.263056, 0.268804, 0.285581, 0.219813, 0.144033, 0.0455077, -0.0557363, -0.157156, -0.252587, -0.338369, -0.410951, -0.467499, -0.505791, -0.524332, -0.522398, -0.500063, -0.4582, -0.398443, -0.323127, -0.235192, -0.138073, -0.035562, 0.068338, 0.169569, 0.264179, 0.348471, 0.419156, 0.473472, 0.509298, 0.525236, 0.520662, 0.495756, 0.451489, 0.389592, 0.312481, 0.223166, 0.125137, 0.022221, -0.0815627, -0.182161, -0.275646, -0.358367, -0.427093, -0.47914, -0.512477, -0.5258, -0.51859, -0.491129, -0.444488, -0.38049, -0.301632, -0.210996, -0.11212, -0.00886579, 0.0947348, 0.194636, 0.286936, 0.368031, 0.434754, 0.484499, 0.515324, 0.526025, 0.516184, 0.486185, 0.4372, 0.371142, 0.29059, 0.19869, 0.099031, -0.00449517, -0.107846, -0.206985, -0.298041, -0.377458, -0.442135, -0.489546, -0.517839, -0.525912, -0.513431, -0.480941, -0.429417, -0.36171, -0.276975, -0.187331, -0.067772, 0.0150853, 0.203593, 0.234379, 0.485695, 0.498484, 0.501769, 0.626047, 0.452578, 0.430943, 3.70367
0.629847, 0.644619, 0.37376, 0.231994, 0.13483, 0.158126, 0.307391, 0.31418, 0.333878, 0.257024, 0.168464, 0.0532959, -0.0650542, -0.183616, -0.29518, -0.395469, -0.48033, -0.54645, -0.591231, -0.612925, -0.610684, -0.584594, -0.535675, -0.465838, -0.377809, -0.275026, -0.161503, -0.0416725, 0.079785, 0.198127, 0.308731, 0.40728, 0.489923, 0.553434, 0.595333, 0.613984, 0.608657, 0.579562, 0.527834, 0.455493, 0.365365, 0.260969, 0.146381, 0.0260773, -0.0952448, -0.212848, -0.322138, -0.418849, -0.499203, -0.560063, -0.599051, -0.614646, -0.606238, -0.574155, -0.519651, -0.444854, -0.352685, -0.246743, -0.131165, -0.0104654, 0.110643, 0.227431, 0.335337, 0.430148, 0.508161, 0.56633, 0.602383, 0.614912, 0.603428, 0.568379, 0.511134, 0.433929, 0.339778, 0.232358, 0.115865, -0.00515326, -0.12597, -0.241868, -0.34832, -0.44117, -0.516792, -0.572232, -0.605325, -0.614782, -0.600212, -0.562251, -0.502038, -0.422905, -0.323862, -0.219082, -0.0793097, 0.017531, 0.237963, 0.273907, 0.567822, 0.582761, 0.586524, 0.732006, 0.528908, 0.503873, 3.70367
0.696679, 0.713072, 0.413458, 0.256681, 0.149201, 0.174965, 0.340051, 0.347545, 0.369315, 0.28429, 0.186316, 0.0589124, -0.0720092, -0.203163, -0.326574, -0.43751, -0.531379, -0.604515, -0.654044, -0.678034, -0.675545, -0.646676, -0.592553, -0.51529, -0.417904, -0.304198, -0.178614, -0.0460536, 0.0883048, 0.219215, 0.341564, 0.450575, 0.54199, 0.61224, 0.658581, 0.679204, 0.673302, 0.641108, 0.583877, 0.503845, 0.404137, 0.288648, 0.161886, 0.028802, -0.105407, -0.235499, -0.356394, -0.463373, -0.552255, -0.619572, -0.662693, -0.679935, -0.670625, -0.635126, -0.574825, -0.492076, -0.39011, -0.272911, -0.145053, -0.0115317, 0.12244, 0.251631, 0.370995, 0.475871, 0.562164, 0.626504, 0.666377, 0.680228, 0.667515, 0.628735, 0.565401, 0.479988, 0.375831, 0.256997, 0.128128, -0.00574601, -0.139395, -0.267601, -0.385356, -0.488063, -0.57171, -0.633031, -0.669631, -0.680083, -0.663957, -0.621956, -0.555338, -0.467793, -0.358224, -0.24231, -0.0876921, 0.0194389, 0.263271, 0.30304, 0.628144, 0.644675, 0.648832, 0.809752, 0.585073, 0.557404, 3.70367
0.736256, 0.753591, 0.436934, 0.271247, 0.157656, 0.184888, 0.359364, 0.367288, 0.3903, 0.300446, 0.196906, 0.0622647, -0.0760956, -0.214701, -0.345125, -0.462365, -0.561568, -0.63886, -0.691205, -0.716558, -0.713929, -0.683421, -0.626223, -0.544571, -0.441653, -0.321487, -0.188767, -0.0486755, 0.0933169, 0.231665, 0.360967, 0.476172, 0.572782, 0.647024, 0.695999, 0.717795, 0.711559, 0.677536, 0.617055, 0.532476, 0.427104, 0.305053, 0.171089, 0.0304436, -0.11139, -0.248875, -0.37664, -0.489697, -0.58363, -0.654773, -0.700345, -0.718568, -0.70873, -0.671215, -0.607488, -0.520038, -0.41228, -0.288422, -0.1533, -0.0121921, 0.129392, 0.265923, 0.39207, 0.502906, 0.594102, 0.662098, 0.704239, 0.718878, 0.705443, 0.66446, 0.59753, 0.507264, 0.39719, 0.271604, 0.135413, -0.00606729, -0.14731, -0.282801, -0.407247, -0.51579, -0.604191, -0.668997, -0.707677, -0.718725, -0.701683, -0.657296, -0.586895, -0.494376, -0.378583, -0.256083, -0.0926789, 0.0205381, 0.278228, 0.320254, 0.663839, 0.681308, 0.685697, 0.855772, 0.618307, 0.589081, 3.70367
0.747114, 0.764708, 0.443379, 0.27525, 0.159984, 0.187617, 0.364665, 0.372705, 0.396055, 0.304875, 0.199807, 0.063179, -0.0772226, -0.217873, -0.350221, -0.46919, -0.569856, -0.648287, -0.701404, -0.727131, -0.724462, -0.693502, -0.63546, -0.552603, -0.448165, -0.326226, -0.191548, -0.0493893, 0.0946981, 0.235087, 0.366296, 0.483201, 0.581236, 0.656572, 0.706269, 0.728385, 0.722057, 0.687531, 0.626156, 0.54033, 0.433402, 0.30955, 0.173609, 0.0308884, -0.113038, -0.252551, -0.382201, -0.496925, -0.592244, -0.664435, -0.710679, -0.72917, -0.719186, -0.681116, -0.616449, -0.527708, -0.418359, -0.292673, -0.155558, -0.0123676, 0.131305, 0.269851, 0.397858, 0.510329, 0.60287, 0.671869, 0.71463, 0.729484, 0.71585, 0.674262, 0.606343, 0.514745, 0.403046, 0.275608, 0.137406, -0.00616119, -0.149488, -0.286977, -0.413259, -0.523403, -0.613107, -0.678869, -0.718119, -0.729329, -0.712034, -0.666992, -0.595551, -0.501667, -0.384164, -0.259857, -0.0940421, 0.0208455, 0.282337, 0.324983, 0.673635, 0.691362, 0.695816, 0.868398, 0.627429, 0.597773, 3.70367
0.728794, 0.745957, 0.432506, 0.268499, 0.156059, 0.183015, 0.355722, 0.363564, 0.386343, 0.297398, 0.194907, 0.0616283, -0.0753306, -0.212532, -0.341634, -0.457686, -0.555884, -0.632392, -0.684206, -0.709302, -0.706698, -0.676497, -0.619878, -0.539052, -0.437175, -0.318226, -0.18685, -0.0481768, 0.0923776, 0.229324, 0.357316, 0.471354, 0.566984, 0.640474, 0.688952, 0.710525, 0.704352, 0.670672, 0.610802, 0.52708, 0.422774, 0.301958, 0.16935, 0.0301296, -0.110268, -0.246359, -0.37283, -0.484741, -0.577723, -0.648143, -0.693253, -0.71129, -0.701551, -0.664415, -0.601332, -0.514767, -0.4081, -0.285495, -0.151742, -0.0120629, 0.128087, 0.263235, 0.388104, 0.497816, 0.588089, 0.655395, 0.697107, 0.711597, 0.698298, 0.657729, 0.591475, 0.502123, 0.393162, 0.268848, 0.134036, -0.0060116, -0.145824, -0.279942, -0.403127, -0.51057, -0.598075, -0.662224, -0.700511, -0.711445, -0.694575, -0.650637, -0.580947, -0.489365, -0.374743, -0.253484, -0.0917346, 0.0203358, 0.275416, 0.317016, 0.65712, 0.674411, 0.678755, 0.847107, 0.612045, 0.583116, 3.70367
0.682016, 0.698077, 0.404744, 0.251264, 0.146041, 0.171266, 0.332888, 0.340227, 0.361544, 0.278308, 0.182395, 0.0576707, -0.0704975, -0.198892, -0.319708, -0.428311, -0.520205, -0.591803, -0.64029, -0.663775, -0.661338, -0.633075, -0.58009, -0.504451, -0.409113, -0.297799, -0.174855, -0.0450825, 0.0864502, 0.214607, 0.334383, 0.441101, 0.530593, 0.599365, 0.644731, 0.66492, 0.659142, 0.627624, 0.571597, 0.493247, 0.395636, 0.282575, 0.158479, 0.0281937, -0.103192, -0.230549, -0.348902, -0.45363, -0.540643, -0.606543, -0.648757, -0.665636, -0.656521, -0.621768, -0.562735, -0.481725, -0.381904, -0.267169, -0.142, -0.0112866, 0.119868, 0.246341, 0.363195, 0.465865, 0.550343, 0.613329, 0.652364, 0.665923, 0.653476, 0.615511, 0.553509, 0.469892, 0.367925, 0.25159, 0.12543, -0.00562776, -0.136466, -0.261975, -0.377254, -0.4778, -0.559688, -0.619719, -0.655549, -0.665781, -0.649993, -0.608875, -0.543658, -0.457953, -0.350689, -0.237212, -0.0858446, 0.0190325, 0.25774, 0.29667, 0.614944, 0.631125, 0.635191, 0.792736, 0.572761, 0.545689, 3.70367
0.608604, 0.622936, 0.361177, 0.224216, 0.13032, 0.15283, 0.297055, 0.303604, 0.322625, 0.248349, 0.16276, 0.051461, -0.0629112, -0.177486, -0.285297, -0.382209, -0.464212, -0.528102, -0.57137, -0.592326, -0.590152, -0.564931, -0.517648, -0.450151, -0.365075, -0.265742, -0.156032, -0.0402278, 0.0771468, 0.191509, 0.298392, 0.393623, 0.473482, 0.534851, 0.575333, 0.593348, 0.588192, 0.560066, 0.510069, 0.440153, 0.353048, 0.252157, 0.141418, 0.0251569, -0.0920868, -0.205734, -0.311348, -0.404802, -0.482449, -0.541256, -0.578925, -0.593987, -0.585853, -0.554841, -0.502161, -0.429871, -0.340794, -0.238409, -0.126713, -0.0100697, 0.106967, 0.219827, 0.324102, 0.415721, 0.491105, 0.547311, 0.582144, 0.594243, 0.583136, 0.549257, 0.493929, 0.419312, 0.32832, 0.224507, 0.111927, -0.00502401, -0.121779, -0.233778, -0.336648, -0.426372, -0.499445, -0.553014, -0.584986, -0.594116, -0.580027, -0.543335, -0.485137, -0.408658, -0.312939, -0.211677, -0.0766023, 0.0169859, 0.229999, 0.264738, 0.548754, 0.563192, 0.56682, 0.707407, 0.51111, 0.486951, 3.70367
0.511425, 0.523468, 0.303505, 0.188413, 0.109509, 0.128425, 0.249621, 0.255124, 0.271108, 0.208692, 0.136769, 0.0432417, -0.0528681, -0.149148, -0.239744, -0.321182, -0.39009, -0.443779, -0.480137, -0.497747, -0.495919, -0.474725, -0.434992, -0.378272, -0.30678, -0.223308, -0.131115, -0.0338022, 0.0648306, 0.160932, 0.250748, 0.330773, 0.39788, 0.44945, 0.483468, 0.498606, 0.494272, 0.470637, 0.428623, 0.36987, 0.296674, 0.211892, 0.118835, 0.0211377, -0.0773851, -0.172886, -0.261635, -0.340167, -0.405416, -0.454832, -0.486486, -0.499142, -0.492307, -0.466246, -0.421977, -0.36123, -0.286376, -0.200339, -0.106478, -0.00845952, 0.0898896, 0.184728, 0.272353, 0.349343, 0.412689, 0.45992, 0.489191, 0.499357, 0.490024, 0.461554, 0.415059, 0.352357, 0.275894, 0.188657, 0.0940529, -0.00422409, -0.102336, -0.196452, -0.282896, -0.358292, -0.419697, -0.464712, -0.491579, -0.499251, -0.487411, -0.456577, -0.407672, -0.343404, -0.262968, -0.177875, -0.0643686, 0.0142759, 0.193276, 0.222468, 0.461134, 0.473266, 0.476315, 0.594453, 0.429499, 0.409197, 3.70367
0.394275, 0.403558, 0.233981, 0.145252, 0.0844226, 0.099005, 0.192439, 0.196682, 0.209004, 0.160885, 0.105437, 0.0333338, -0.0407605, -0.114986, -0.184829, -0.247612, -0.300735, -0.342125, -0.370155, -0.38373, -0.38232, -0.36598, -0.335348, -0.29162, -0.236505, -0.172153, -0.101078, -0.0260565, 0.0499828, 0.12407, 0.193313, 0.255006, 0.306741, 0.346497, 0.372722, 0.384392, 0.381051, 0.362829, 0.330438, 0.285143, 0.228713, 0.163352, 0.0916112, 0.016293, -0.0596614, -0.133286, -0.201706, -0.262248, -0.31255, -0.350646, -0.375049, -0.384806, -0.379535, -0.359443, -0.325315, -0.278482, -0.220775, -0.154445, -0.082085, -0.00651901, 0.0693016, 0.142416, 0.209969, 0.269322, 0.318158, 0.354569, 0.377134, 0.384971, 0.377775, 0.355826, 0.319982, 0.271642, 0.212693, 0.145439, 0.0725059, -0.0032592, -0.078897, -0.151454, -0.218096, -0.276221, -0.32356, -0.358263, -0.378975, -0.384889, -0.375761, -0.351989, -0.314286, -0.264739, -0.202729, -0.137127, -0.0496212, 0.0110085, 0.149006, 0.17151, 0.355506, 0.364859, 0.367209, 0.458285, 0.331116, 0.315464, 3.70367
0.261727, 0.267889, 0.155319, 0.0964182, 0.056039, 0.0657187, 0.127743, 0.130558, 0.138738, 0.106795, 0.0699878, 0.0221241, -0.0270611, -0.0763331, -0.122696, -0.164372, -0.199636, -0.227111, -0.245717, -0.254728, -0.253791, -0.242944, -0.222609, -0.193581, -0.156994, -0.114275, -0.0670943, -0.0172933, 0.033183, 0.0823635, 0.128328, 0.16928, 0.203622, 0.230013, 0.247421, 0.255167, 0.252948, 0.240852, 0.219349, 0.189281, 0.151822, 0.108433, 0.0608099, 0.0108121, -0.0396079, -0.0884811, -0.133899, -0.174088, -0.207479, -0.232767, -0.248966, -0.255442, -0.251942, -0.238604, -0.215948, -0.18486, -0.146552, -0.102521, -0.0544862, -0.00432392, 0.0460072, 0.0945417, 0.139384, 0.178784, 0.211201, 0.235371, 0.250349, 0.255551, 0.250774, 0.236203, 0.212408, 0.180318, 0.141187, 0.0965423, 0.0481273, -0.00216705, -0.0523768, -0.100541, -0.144779, -0.183364, -0.214787, -0.237823, -0.251572, -0.255497, -0.249437, -0.233656, -0.208627, -0.175737, -0.134572, -0.0910244, -0.032936, 0.00731111, 0.0989167, 0.113855, 0.235995, 0.242203, 0.243763, 0.304221, 0.219802, 0.209411, 3.70367
0.118959, 0.121758, 0.0705923, 0.0438195, 0.025467, 0.029866, 0.0580573, 0.0593366, 0.0630542, 0.0485352, 0.0318054, 0.0100504, -0.012305, -0.0346996, -0.0557719, -0.0747137, -0.0907409, -0.103228, -0.111683, -0.115778, -0.115351, -0.11042, -0.101176, -0.087982, -0.0713517, -0.051935, -0.0304903, -0.00785477, 0.0150874, 0.0374405, 0.0583314, 0.0769444, 0.0925527, 0.104547, 0.112458, 0.115977, 0.114968, 0.109469, 0.0996948, 0.0860276, 0.0690009, 0.0492796, 0.0276338, 0.00490896, -0.0180076, -0.040221, -0.0608637, -0.0791295, -0.0943053, -0.105798, -0.11316, -0.116102, -0.114511, -0.108447, -0.0981489, -0.0840177, -0.0666055, -0.0465923, -0.0247596, -0.00195998, 0.0209162, 0.0429755, 0.0633566, 0.0812636, 0.095997, 0.106982, 0.113789, 0.116152, 0.113979, 0.107356, 0.0965397, 0.0819536, 0.0641672, 0.043875, 0.0218694, -0.000990262, -0.0238112, -0.0457023, -0.0658087, -0.0833452, -0.0976269, -0.108096, -0.114344, -0.116127, -0.113371, -0.106198, -0.0948211, -0.079871, -0.0611606, -0.041367, -0.0149646, 0.00332825, 0.0449646, 0.0517535, 0.107268, 0.110089, 0.110798, 0.138276, 0.0999051, 0.0951807, 3.70367
-0.028455, -0.0291276, -0.0168913, -0.0104904, -0.00609949, -0.00715297, -0.0138952, -0.0142023, -0.0150921, -0.0116202, -0.00761908, -0.00241571, 0.00293172, 0.00828897, 0.0133304, 0.0178625, 0.0216979, 0.0246866, 0.0267114, 0.0276931, 0.0275933, 0.026416, 0.0242071, 0.0210529, 0.0170765, 0.0124333, 0.00730452, 0.00189051, -0.00359733, -0.00894469, -0.0139427, -0.0183963, -0.0221315, -0.0250024, -0.0268969, -0.0277411, -0.0275019, -0.0261888, -0.0238529, -0.0205856, -0.0165144, -0.0117982, -0.00662134, -0.00118589, 0.00429588, 0.00960988, 0.0145486, 0.0189192, 0.0225509, 0.0253021, 0.0270651, 0.0277712, 0.0273928, 0.0259447, 0.0234834, 0.0201051, 0.0159416, 0.0111556, 0.00593389, 0.000480502, -0.00499165, -0.0102689, -0.0151451, -0.0194299, -0.0229559, -0.0255854, -0.0272158, -0.0277834, -0.027266, -0.0256839, -0.0230987, -0.0196115, -0.0153585, -0.0105057, -0.00524261, 0.000225193, 0.0056842, 0.0109212, 0.0157318, 0.019928, 0.023346, 0.0258523, 0.0273489, 0.0277777, 0.0271209, 0.0254072, 0.0226879, 0.0191136, 0.0146395, 0.00990586, 0.00359115, -0.000784575, -0.0107435, -0.0123691, -0.0256472, -0.0263247, -0.0264941, -0.0330691, -0.0238935, -0.0227667, 3.70367
-0.174758, -0.178876, -0.103715, -0.0643907, -0.0374278, -0.0438926, -0.0853051, -0.0871866, -0.092649, -0.0713218, -0.046746, -0.0147875, 0.0180539, 0.0509538, 0.081912, 0.109741, 0.133289, 0.151637, 0.164063, 0.170083, 0.16946, 0.16222, 0.148645, 0.129266, 0.104838, 0.0763161, 0.044814, 0.011562, -0.0221416, -0.0549806, -0.0856724, -0.113019, -0.135951, -0.153575, -0.165201, -0.170376, -0.168898, -0.160824, -0.146469, -0.126395, -0.101385, -0.0724153, -0.0406179, -0.00723442, 0.0264316, 0.0590655, 0.0893927, 0.116229, 0.138527, 0.155414, 0.166233, 0.17056, 0.168227, 0.159323, 0.144199, 0.123443, 0.0978661, 0.0684678, 0.0363956, 0.00290222, -0.0307045, -0.0631123, -0.0930553, -0.119364, -0.141012, -0.157153, -0.167157, -0.170634, -0.167447, -0.15772, -0.141835, -0.120411, -0.0942845, -0.0644761, -0.0321499, 0.00143185, 0.0349577, 0.0671183, 0.0966579, 0.122423, 0.143407, 0.158791, 0.167974, 0.170598, 0.166554, 0.15602, 0.139311, 0.117352, 0.0898679, 0.0607919, 0.0220067, -0.00486676, -0.0660321, -0.0760086, -0.157561, -0.16171, -0.162752, -0.203122, -0.146759, -0.139825, 3.70367
-0.314236, -0.321638, -0.186489, -0.115776, -0.0672945, -0.0789182, -0.153384, -0.156766, -0.166588, -0.128238, -0.0840474, -0.0265818, 0.0324711, 0.0916289, 0.147295, 0.197334, 0.239676, 0.272665, 0.295008, 0.30583, 0.30471, 0.29169, 0.267279, 0.23243, 0.188505, 0.137219, 0.0805735, 0.0207819, -0.0398213, -0.0988694, -0.154056, -0.203227, -0.244462, -0.27615, -0.297054, -0.306358, -0.303698, -0.289178, -0.263366, -0.227268, -0.182296, -0.130204, -0.0730284, -0.0130004, 0.0475352, 0.106214, 0.160746, 0.209, 0.249092, 0.279457, 0.298909, 0.306688, 0.302491, 0.28648, 0.259283, 0.22196, 0.175969, 0.123106, 0.0654361, 0.0052106, -0.0552184, -0.113491, -0.167332, -0.214638, -0.253562, -0.282584, -0.300571, -0.306821, -0.301088, -0.283598, -0.255033, -0.216508, -0.169528, -0.115929, -0.0578016, 0.0025826, 0.062866, 0.120694, 0.173809, 0.220137, 0.257868, 0.285529, 0.302039, 0.306756, 0.299483, 0.28054, 0.250494, 0.211007, 0.161587, 0.109304, 0.0395628, -0.0087589, -0.118742, -0.13668, -0.283323, -0.29078, -0.292653, -0.365244, -0.263893, -0.251423, 3.70367
-0.441442, -0.451841, -0.26198, -0.162641, -0.0945333, -0.110862, -0.215472, -0.220224, -0.234021, -0.180147, -0.118067, -0.0373381, 0.0456202, 0.128726, 0.206926, 0.277221, 0.336702, 0.383046, 0.414432, 0.429635, 0.42806, 0.409768, 0.375475, 0.326518, 0.264811, 0.192763, 0.113186, 0.0291903, -0.0559458, -0.138897, -0.216424, -0.2855, -0.343426, -0.387942, -0.417307, -0.430376, -0.426639, -0.40624, -0.369977, -0.319267, -0.256088, -0.182909, -0.102587, -0.0182588, 0.0667824, 0.149216, 0.225822, 0.293609, 0.349931, 0.392587, 0.419913, 0.43084, 0.424942, 0.40245, 0.364242, 0.311809, 0.2472, 0.172937, 0.0919212, 0.00731551, -0.0775759, -0.159438, -0.235073, -0.301529, -0.35621, -0.39698, -0.422248, -0.431026, -0.422972, -0.3984, -0.358271, -0.30415, -0.238152, -0.162854, -0.0811962, 0.00363249, 0.0883193, 0.169557, 0.244173, 0.309255, 0.362259, 0.401116, 0.424309, 0.430934, 0.420717, 0.394105, 0.351894, 0.296423, 0.226996, 0.153547, 0.055574, -0.012309, -0.166815, -0.192014, -0.39802, -0.408495, -0.411127, -0.513101, -0.370722, -0.353203, 3.70367
-0.55141, -0.564398, -0.32724, -0.203154, -0.11808, -0.138476, -0.269147, -0.275081, -0.292316, -0.22502, -0.147475, -0.0466363, 0.0569878, 0.160796, 0.258476, 0.346282, 0.42058, 0.478468, 0.517672, 0.536661, 0.534693, 0.511845, 0.469008, 0.407855, 0.330776, 0.240779, 0.141379, 0.0364587, -0.0698856, -0.173501, -0.270341, -0.356623, -0.428979, -0.484583, -0.521263, -0.537587, -0.532918, -0.507438, -0.462141, -0.398797, -0.31988, -0.228471, -0.128139, -0.0228041, 0.0834217, 0.18639, 0.282079, 0.366753, 0.437104, 0.490386, 0.524518, 0.538167, 0.530799, 0.502703, 0.454976, 0.389482, 0.308777, 0.216015, 0.114817, 0.00913473, -0.0969039, -0.199158, -0.293635, -0.376646, -0.444947, -0.495873, -0.527434, -0.538399, -0.528338, -0.497645, -0.447518, -0.379915, -0.297476, -0.20342, -0.10142, 0.00454053, 0.110324, 0.211798, 0.305002, 0.386295, 0.452503, 0.50104, 0.53001, 0.538284, 0.525522, 0.492279, 0.439553, 0.370262, 0.28354, 0.191795, 0.0694149, -0.0153784, -0.208373, -0.239849, -0.497173, -0.510258, -0.513545, -0.640922, -0.463074, -0.441189, 3.70367
-0.639845, -0.654915, -0.379722, -0.235734, -0.137016, -0.160683, -0.312311, -0.319197, -0.339195, -0.261107, -0.171125, -0.0541132, 0.0661299, 0.186586, 0.299932, 0.401821, 0.488034, 0.555206, 0.600697, 0.622731, 0.620446, 0.593933, 0.544225, 0.473265, 0.383823, 0.279393, 0.164051, 0.0423034, -0.0810963, -0.201329, -0.3137, -0.41382, -0.49778, -0.562301, -0.604864, -0.623805, -0.618387, -0.588819, -0.536257, -0.462754, -0.37118, -0.26511, -0.148688, -0.0264589, 0.0968032, 0.216285, 0.327321, 0.425574, 0.507208, 0.569035, 0.60864, 0.624477, 0.615928, 0.583325, 0.527943, 0.451945, 0.358297, 0.250657, 0.133228, 0.0105972, -0.112448, -0.231101, -0.34073, -0.437053, -0.516309, -0.575402, -0.612024, -0.624747, -0.613072, -0.577456, -0.519289, -0.440843, -0.345182, -0.236042, -0.117683, 0.00527125, 0.12802, 0.245769, 0.35392, 0.448251, 0.525076, 0.581397, 0.615013, 0.624614, 0.609804, 0.571229, 0.510047, 0.429643, 0.329012, 0.222552, 0.080545, -0.0178473, -0.241795, -0.278318, -0.576912, -0.592094, -0.595908, -0.743714, -0.537342, -0.511947, 3.70367
-0.703292, -0.719857, -0.417374, -0.259108, -0.150602, -0.176615, -0.343278, -0.350847, -0.372828, -0.286996, -0.188092, -0.059477, 0.0726896, 0.20509, 0.329676, 0.441667, 0.536429, 0.610262, 0.660263, 0.684482, 0.68197, 0.652827, 0.59819, 0.520193, 0.421882, 0.307095, 0.180317, 0.0464961, -0.0891401, -0.221295, -0.344809, -0.454857, -0.547142, -0.618061, -0.664843, -0.685663, -0.679706, -0.647206, -0.589432, -0.50864, -0.407984, -0.291397, -0.16343, -0.0290804, 0.106405, 0.237734, 0.35978, 0.467776, 0.557505, 0.625462, 0.668994, 0.686401, 0.677004, 0.641168, 0.580294, 0.496758, 0.393824, 0.27551, 0.146437, 0.0116459, -0.1236, -0.25402, -0.374519, -0.480394, -0.567508, -0.63246, -0.672714, -0.686697, -0.673864, -0.634716, -0.570781, -0.484556, -0.379409, -0.259446, -0.12935, 0.00579613, 0.140716, 0.270141, 0.389017, 0.492701, 0.577145, 0.63905, 0.675998, 0.686551, 0.670272, 0.627872, 0.560622, 0.472245, 0.361635, 0.244619, 0.0885298, -0.0196192, -0.265773, -0.305918, -0.634121, -0.650809, -0.655001, -0.817462, -0.590627, -0.562712, 3.70367
-0.739276, -0.756687, -0.438728, -0.272363, -0.158306, -0.18565, -0.36084, -0.368796, -0.391902, -0.301678, -0.197713, -0.0625181, 0.0764106, 0.215586, 0.346545, 0.464266, 0.563876, 0.641486, 0.694045, 0.719503, 0.716862, 0.686228, 0.628795, 0.546807, 0.443465, 0.322806, 0.18954, 0.0488731, -0.0937028, -0.232619, -0.362452, -0.47813, -0.575137, -0.649684, -0.69886, -0.720744, -0.714482, -0.680319, -0.619589, -0.534663, -0.428857, -0.306304, -0.171789, -0.0305663, 0.111851, 0.249899, 0.378189, 0.491711, 0.58603, 0.657464, 0.703223, 0.72152, 0.711641, 0.673972, 0.609983, 0.522173, 0.413972, 0.289605, 0.153928, 0.0122398, -0.129926, -0.267018, -0.393683, -0.504974, -0.596545, -0.66482, -0.707133, -0.721831, -0.708341, -0.66719, -0.599983, -0.509347, -0.39882, -0.272718, -0.135967, 0.00609466, 0.147918, 0.283965, 0.408922, 0.517911, 0.606675, 0.671747, 0.710585, 0.721678, 0.704565, 0.659996, 0.589305, 0.496406, 0.380136, 0.257133, 0.0930574, -0.0206249, -0.279373, -0.321572, -0.666567, -0.684108, -0.688515, -0.859288, -0.620846, -0.591503, 3.70367
-0.746389, -0.763967, -0.442949, -0.274983, -0.159828, -0.187435, -0.364311, -0.372343, -0.395672, -0.30458, -0.199614, -0.0631178, 0.0771478, 0.217662, 0.349881, 0.468735, 0.569303, 0.647659, 0.700724, 0.726426, 0.72376, 0.69283, 0.634845, 0.552067, 0.447731, 0.32591, 0.191362, 0.0493415, -0.0946063, -0.23486, -0.365941, -0.482732, -0.580672, -0.655936, -0.705585, -0.727679, -0.721357, -0.686865, -0.62555, -0.539806, -0.432982, -0.30925, -0.173441, -0.0308585, 0.112929, 0.252306, 0.38183, 0.496443, 0.59167, 0.663791, 0.70999, 0.728463, 0.718489, 0.680456, 0.615851, 0.527196, 0.417954, 0.292389, 0.155407, 0.0123557, -0.131178, -0.269589, -0.397473, -0.509834, -0.602286, -0.671218, -0.713937, -0.728777, -0.715157, -0.673609, -0.605756, -0.514247, -0.402656, -0.275341, -0.137273, 0.00615518, 0.149343, 0.286699, 0.412859, 0.522896, 0.612513, 0.678211, 0.717423, 0.728622, 0.711344, 0.666346, 0.594974, 0.501181, 0.383792, 0.259605, 0.0939509, -0.0208252, -0.282064, -0.324668, -0.672983, -0.690692, -0.695141, -0.867558, -0.626821, -0.597195, 3.70367
-0.724355, -0.741414, -0.429871, -0.266863, -0.155108, -0.1819, -0.353555, -0.36135, -0.38399, -0.295586, -0.193719, -0.0612527, 0.0748722, 0.211238, 0.339554, 0.454899, 0.552498, 0.628541, 0.680039, 0.704982, 0.702394, 0.672377, 0.616103, 0.535769, 0.434512, 0.316288, 0.185711, 0.047883, -0.0918153, -0.227928, -0.35514, -0.468483, -0.563532, -0.636573, -0.684756, -0.706198, -0.700062, -0.666588, -0.607082, -0.523869, -0.420199, -0.300119, -0.168319, -0.0299457, 0.109597, 0.244859, 0.37056, 0.481789, 0.574205, 0.644196, 0.689031, 0.706958, 0.697278, 0.660368, 0.59767, 0.511632, 0.405614, 0.283756, 0.150817, 0.0119891, -0.127308, -0.261633, -0.385741, -0.494785, -0.584507, -0.651404, -0.692862, -0.707263, -0.694045, -0.653723, -0.587872, -0.499064, -0.390768, -0.267211, -0.133219, 0.00597534, 0.144936, 0.278237, 0.400672, 0.507461, 0.594432, 0.658191, 0.696245, 0.707112, 0.690345, 0.646674, 0.577409, 0.486384, 0.372461, 0.25194, 0.0911756, -0.0202123, -0.273739, -0.315085, -0.653118, -0.670304, -0.674622, -0.841948, -0.608317, -0.579565, 3.70367
-0.674034, -0.689907, -0.400007, -0.248323, -0.144332, -0.169262, -0.328992, -0.336245, -0.357312, -0.27505, -0.18026, -0.0569955, 0.0696727, 0.196565, 0.315967, 0.423299, 0.514117, 0.584877, 0.632797, 0.656007, 0.653598, 0.625666, 0.573301, 0.498548, 0.404325, 0.294313, 0.172808, 0.0445547, -0.0854388, -0.212096, -0.33047, -0.435939, -0.524384, -0.592351, -0.637186, -0.657138, -0.651428, -0.620279, -0.564907, -0.487475, -0.391006, -0.279268, -0.156624, -0.0278635, 0.101985, 0.227851, 0.344819, 0.448321, 0.534316, 0.599445, 0.641165, 0.657846, 0.648838, 0.614492, 0.556149, 0.476087, 0.377434, 0.264042, 0.140338, 0.0111543, -0.118465, -0.243459, -0.358945, -0.460413, -0.543902, -0.606151, -0.644729, -0.658129, -0.645829, -0.608308, -0.547032, -0.464393, -0.363619, -0.248646, -0.123962, 0.00556215, 0.134869, 0.25891, 0.372839, 0.472209, 0.553138, 0.612467, 0.647877, 0.657989, 0.642386, 0.601749, 0.537295, 0.452594, 0.346584, 0.234436, 0.0848397, -0.01881, -0.254724, -0.293198, -0.607748, -0.623739, -0.627757, -0.783459, -0.566058, -0.539303, 3.70367
-0.597391, -0.611459, -0.354522, -0.220085, -0.127919, -0.150014, -0.291582, -0.29801, -0.316681, -0.243773, -0.159761, -0.0505126, 0.0617524, 0.174216, 0.280041, 0.375168, 0.45566, 0.518373, 0.560844, 0.581414, 0.579279, 0.554522, 0.508111, 0.441857, 0.358349, 0.260846, 0.153157, 0.0394864, -0.0757258, -0.187981, -0.292895, -0.386371, -0.464759, -0.524997, -0.564734, -0.582417, -0.577356, -0.549748, -0.500672, -0.432044, -0.346544, -0.247511, -0.138812, -0.0246931, 0.0903905, 0.201944, 0.305612, 0.397345, 0.473561, 0.531284, 0.56826, 0.583044, 0.57506, 0.544618, 0.492909, 0.421951, 0.334515, 0.234016, 0.124379, 0.00988387, -0.104997, -0.215778, -0.318132, -0.408062, -0.482058, -0.537228, -0.571419, -0.583295, -0.572393, -0.539138, -0.484829, -0.411586, -0.322271, -0.220371, -0.109865, 0.00493175, 0.119536, 0.229472, 0.330446, 0.418517, 0.490243, 0.542825, 0.574209, 0.583171, 0.569341, 0.533324, 0.476199, 0.401129, 0.307173, 0.207777, 0.0751907, -0.0166732, -0.225762, -0.259861, -0.538644, -0.552817, -0.556378, -0.694374, -0.501693, -0.47798, 3.70367
-0.497419, -0.509132, -0.295193, -0.183253, -0.10651, -0.124908, -0.242785, -0.248137, -0.263684, -0.202976, -0.133023, -0.0420572, 0.0514206, 0.145064, 0.233179, 0.312386, 0.379408, 0.431625, 0.466989, 0.484116, 0.482338, 0.461724, 0.423079, 0.367912, 0.298378, 0.217192, 0.127524, 0.0328761, -0.0630556, -0.156525, -0.243882, -0.321715, -0.386984, -0.437141, -0.470228, -0.484951, -0.480736, -0.457748, -0.416884, -0.359741, -0.288549, -0.206089, -0.11558, -0.0205585, 0.0752662, 0.168152, 0.25447, 0.330852, 0.394313, 0.442376, 0.473163, 0.485473, 0.478824, 0.453477, 0.410421, 0.351337, 0.278533, 0.194852, 0.103562, 0.0082275, -0.0874283, -0.17967, -0.264895, -0.339776, -0.401388, -0.447325, -0.475794, -0.485682, -0.476604, -0.448914, -0.403693, -0.342707, -0.268338, -0.18349, -0.0914769, 0.00410876, 0.099534, 0.191072, 0.275149, 0.348481, 0.408204, 0.451986, 0.478117, 0.485579, 0.474063, 0.444073, 0.396507, 0.333999, 0.255767, 0.173003, 0.0626054, -0.0138853, -0.187984, -0.216376, -0.448506, -0.460306, -0.463271, -0.578174, -0.417737, -0.397991, 3.70367
-0.378023, -0.386923, -0.224336, -0.139264, -0.0809424, -0.0949236, -0.184507, -0.188574, -0.200389, -0.154253, -0.101091, -0.0319593, 0.0390808, 0.110246, 0.177211, 0.237406, 0.288339, 0.328023, 0.354897, 0.367913, 0.366561, 0.350894, 0.321525, 0.2796, 0.226755, 0.165056, 0.0969114, 0.024982, -0.047923, -0.118956, -0.185345, -0.244495, -0.294097, -0.332214, -0.357358, -0.368547, -0.365344, -0.347873, -0.316817, -0.273389, -0.219285, -0.156618, -0.0878346, -0.015621, 0.0572026, 0.127792, 0.193392, 0.251439, 0.299667, 0.336193, 0.359589, 0.368944, 0.363891, 0.344627, 0.311905, 0.267003, 0.211674, 0.148079, 0.078701, 0.00624984, -0.0664454, -0.136546, -0.201314, -0.258221, -0.305043, -0.339954, -0.361588, -0.369103, -0.362203, -0.341159, -0.306792, -0.260444, -0.203926, -0.139444, -0.0695167, 0.00312532, 0.0756453, 0.145211, 0.209107, 0.264836, 0.310223, 0.343496, 0.363354, 0.369024, 0.360272, 0.33748, 0.301331, 0.253827, 0.194372, 0.131474, 0.0475753, -0.0105551, -0.142864, -0.164441, -0.340852, -0.34982, -0.352073, -0.439395, -0.317467, -0.302461, 3.70367
-0.243864, -0.249604, -0.144718, -0.0898369, -0.0522138, -0.0612327, -0.119023, -0.121647, -0.129268, -0.0995056, -0.0652103, -0.0206134, 0.0252148, 0.0711238, 0.114322, 0.153154, 0.186011, 0.21161, 0.228946, 0.237342, 0.236469, 0.226362, 0.207415, 0.180368, 0.146278, 0.106475, 0.0625143, 0.0161123, -0.0309189, -0.0767427, -0.11957, -0.157727, -0.189725, -0.214314, -0.230534, -0.237751, -0.235684, -0.224413, -0.204378, -0.176362, -0.141459, -0.101031, -0.0566588, -0.0100735, 0.0369052, 0.0824427, 0.124761, 0.162207, 0.193318, 0.21688, 0.231973, 0.238007, 0.234746, 0.222319, 0.201209, 0.172242, 0.136549, 0.0955228, 0.0507667, 0.00402812, -0.0428678, -0.0880896, -0.129871, -0.166582, -0.196787, -0.219307, -0.233263, -0.238109, -0.233658, -0.220081, -0.19791, -0.168011, -0.13155, -0.0899524, -0.0448419, 0.00201983, 0.0488026, 0.0936796, 0.134898, 0.170849, 0.200128, 0.221591, 0.234401, 0.238058, 0.232412, 0.217708, 0.194388, 0.163742, 0.125387, 0.0848112, 0.0306873, -0.00681278, -0.0921661, -0.106085, -0.219889, -0.225672, -0.227126, -0.283457, -0.2048, -0.195118, 3.70367
-0.100181, -0.102538, -0.0594486, -0.0369015, -0.0214461, -0.0251505, -0.048892, -0.0499692, -0.0531, -0.0408727, -0.0267835, -0.00846247, 0.0103641, 0.0292237, 0.0469697, 0.0629214, 0.0764185, 0.086934, 0.0940547, 0.0975027, 0.097143, 0.0929898, 0.0852051, 0.0740932, 0.0600877, 0.0437358, 0.0256759, 0.0066134, -0.0127074, -0.031532, -0.0491252, -0.0648, -0.0779443, -0.0880447, -0.0947069, -0.0976706, -0.0968202, -0.0921888, -0.0839574, -0.0724473, -0.058108, -0.0414995, -0.0232704, -0.00413258, 0.0151666, 0.0338736, 0.0512577, 0.0666401, 0.0794202, 0.0890988, 0.0952979, 0.0977756, 0.096435, 0.0913285, 0.0826554, 0.0707546, 0.0560907, 0.0392364, 0.0208499, 0.00164909, -0.0176161, -0.0361933, -0.0533571, -0.0684373, -0.0808449, -0.0900954, -0.0958275, -0.0978175, -0.0959875, -0.0904092, -0.0813002, -0.0690163, -0.0540373, -0.036948, -0.0184158, 0.000835459, 0.0200541, 0.0384897, 0.0554221, 0.0701903, 0.0822174, 0.0910339, 0.0962952, 0.0977964, 0.0954756, 0.0894341, 0.0798529, 0.0672624, 0.0515052, 0.0348359, 0.012601, -0.00280438, -0.0378685, -0.0435856, -0.0903377, -0.0927124, -0.0933098, -0.11645, -0.0841357, -0.0801567, 3.70367
0.0474132, 0.0485322, 0.0281421, 0.017475, 0.0101591, 0.0119138, 0.0231487, 0.0236598, 0.0251421, 0.0193565, 0.0126892, 0.0040189, -0.00489126, -0.0138176, -0.0222173, -0.0297683, -0.0361581, -0.0411371, -0.0445097, -0.0461442, -0.0459767, -0.0440138, -0.0403321, -0.0350753, -0.0284488, -0.0207114, -0.0121651, -0.00314377, 0.00600032, 0.0149101, 0.0232376, 0.0306577, 0.0368805, 0.0416631, 0.0448187, 0.0462241, 0.0458243, 0.0436351, 0.0397418, 0.0342966, 0.0275121, 0.0196531, 0.0110267, 0.00196969, -0.00716425, -0.0160184, -0.024247, -0.0315288, -0.0375793, -0.0421623, -0.0450988, -0.0462741, -0.0456423, -0.0432282, -0.0391259, -0.0334958, -0.0265575, -0.0185822, -0.00988121, -0.000794334, 0.00832356, 0.0171164, 0.0252408, 0.0323796, 0.0382538, 0.0426343, 0.0453497, 0.0462943, 0.0454309, 0.0427934, 0.0384848, 0.0326733, 0.0255859, 0.0174993, 0.00872933, -0.000381534, -0.0094775, -0.0182034, -0.0262183, -0.0332095, -0.0389037, -0.0430787, -0.0455714, -0.0462846, -0.045189, -0.0423323, -0.0378002, -0.0318435, -0.0243878, -0.0164998, -0.0059775, 0.00131353, 0.0179079, 0.0206156, 0.0427409, 0.0438682, 0.0441506, 0.0551049, 0.0398147, 0.0379354, 3.70367
0.193156, 0.197707, 0.114634, 0.071169, 0.0413675, 0.0485129, 0.0942854, 0.0963648, 0.102402, 0.0788297, 0.0516664, 0.0163433, -0.0199556, -0.0563192, -0.0905367, -0.121296, -0.147323, -0.167602, -0.181336, -0.187989, -0.187301, -0.179299, -0.164294, -0.142874, -0.115874, -0.0843497, -0.0495311, -0.0127782, 0.0244737, 0.0607699, 0.0946929, 0.124918, 0.150265, 0.169744, 0.182594, 0.188314, 0.186679, 0.177755, 0.161889, 0.139701, 0.112058, 0.0800383, 0.0448932, 0.00799504, -0.0292154, -0.0652848, -0.0988049, -0.128466, -0.153111, -0.171777, -0.183734, -0.188517, -0.185937, -0.176097, -0.159379, -0.136438, -0.108169, -0.0756751, -0.0402264, -0.00320674, 0.0339381, 0.0697577, 0.102853, 0.131932, 0.155859, 0.173699, 0.184756, 0.188598, 0.185075, 0.174325, 0.156767, 0.133087, 0.10421, 0.0712632, 0.0355336, -0.00158363, -0.038639, -0.0741855, -0.106835, -0.135312, -0.158506, -0.175509, -0.185658, -0.188558, -0.184089, -0.172446, -0.153977, -0.129706, -0.0993284, -0.0671911, -0.0243225, 0.00538015, 0.072985, 0.0840117, 0.17415, 0.178736, 0.179887, 0.224508, 0.16221, 0.154546, 3.70367
0.331356, 0.339162, 0.196649, 0.122084, 0.0709605, 0.0832174, 0.16174, 0.165307, 0.175664, 0.135225, 0.088626, 0.0280295, -0.0342407, -0.0966216, -0.15532, -0.208086, -0.252734, -0.287521, -0.311081, -0.322493, -0.321311, -0.307581, -0.28184, -0.245093, -0.198775, -0.144694, -0.0849628, -0.0219136, 0.0419914, 0.104257, 0.16245, 0.2143, 0.257781, 0.291196, 0.313239, 0.323049, 0.320244, 0.304933, 0.277714, 0.23965, 0.192227, 0.137298, 0.0770066, 0.0137082, -0.0501256, -0.112002, -0.169504, -0.220387, -0.262664, -0.294683, -0.315195, -0.323397, -0.318971, -0.302088, -0.273409, -0.234052, -0.185556, -0.129813, -0.0690007, -0.00549392, 0.0582274, 0.119675, 0.176449, 0.226332, 0.267377, 0.297981, 0.316947, 0.323537, 0.317492, 0.299049, 0.268927, 0.228304, 0.178764, 0.122244, 0.0609503, -0.00272388, -0.0662916, -0.127271, -0.18328, -0.232131, -0.271918, -0.301086, -0.318495, -0.323468, -0.3158, -0.295825, -0.264141, -0.222503, -0.17039, -0.115259, -0.0417177, 0.00923667, 0.125212, 0.144127, 0.298759, 0.306623, 0.308598, 0.385143, 0.278271, 0.265121, 3.70367
0.456616, 0.467372, 0.270985, 0.168231, 0.0977824, 0.114672, 0.222879, 0.227793, 0.242065, 0.186339, 0.122125, 0.0386211, -0.0471887, -0.133151, -0.214039, -0.286751, -0.348276, -0.396213, -0.428678, -0.444403, -0.442773, -0.423853, -0.388381, -0.337741, -0.273913, -0.199388, -0.117077, -0.0301932, 0.0578693, 0.143672, 0.223864, 0.295314, 0.355231, 0.401276, 0.431651, 0.445169, 0.441303, 0.420204, 0.382694, 0.33024, 0.26489, 0.189196, 0.106113, 0.018886, -0.0690783, -0.154345, -0.233584, -0.303702, -0.361959, -0.406082, -0.434346, -0.445649, -0.439549, -0.416283, -0.376761, -0.322526, -0.255697, -0.178881, -0.0950804, -0.00756655, 0.0802428, 0.164919, 0.243154, 0.311894, 0.368454, 0.410626, 0.436761, 0.445841, 0.437511, 0.412094, 0.370585, 0.314604, 0.246338, 0.168451, 0.0839867, -0.00375776, -0.0913555, -0.175386, -0.252567, -0.319885, -0.374711, -0.414904, -0.438894, -0.445747, -0.435178, -0.407651, -0.36399, -0.306611, -0.234798, -0.158825, -0.0574838, 0.0127325, 0.172549, 0.198614, 0.411701, 0.422537, 0.425258, 0.530738, 0.383465, 0.365343, 3.70367
0.564045, 0.57733, 0.334738, 0.207809, 0.120786, 0.141649, 0.275313, 0.281384, 0.299013, 0.230176, 0.150854, 0.0477045, -0.0582938, -0.16448, -0.264399, -0.354217, -0.430217, -0.489432, -0.529534, -0.548958, -0.546945, -0.523572, -0.479754, -0.4172, -0.338354, -0.246296, -0.144618, -0.0372938, 0.0714872, 0.177477, 0.276535, 0.364795, 0.438809, 0.495686, 0.533207, 0.549905, 0.545129, 0.519064, 0.47273, 0.407935, 0.327209, 0.233705, 0.131075, 0.0233263, -0.0853334, -0.190661, -0.288543, -0.375156, -0.44712, -0.501623, -0.536536, -0.550498, -0.542961, -0.514222, -0.465401, -0.398406, -0.315852, -0.220964, -0.117447, -0.00934371, 0.0991246, 0.203722, 0.300364, 0.385276, 0.455142, 0.507235, 0.539519, 0.550735, 0.540444, 0.509047, 0.457772, 0.38862, 0.304291, 0.20808, 0.103743, -0.00464489, -0.112852, -0.216652, -0.311991, -0.395147, -0.462871, -0.51252, -0.542154, -0.550618, -0.537563, -0.503559, -0.449624, -0.378746, -0.290036, -0.196189, -0.071005, 0.0157311, 0.213148, 0.245345, 0.508565, 0.52195, 0.525312, 0.655608, 0.473685, 0.451298, 3.70367
0.649446, 0.664743, 0.38542, 0.239271, 0.139072, 0.163094, 0.316997, 0.323986, 0.344285, 0.265025, 0.173692, 0.054925, -0.0671226, -0.189386, -0.304433, -0.407851, -0.495358, -0.563537, -0.609711, -0.632076, -0.629757, -0.602845, -0.552392, -0.480367, -0.389583, -0.283585, -0.166513, -0.042938, 0.0823135, 0.204351, 0.318408, 0.42003, 0.50525, 0.570739, 0.61394, 0.633166, 0.627666, 0.597655, 0.544304, 0.469698, 0.376749, 0.269088, 0.150919, 0.0268556, -0.0982562, -0.219531, -0.332233, -0.43196, -0.51482, -0.577574, -0.617774, -0.633848, -0.625171, -0.592079, -0.535866, -0.458726, -0.363673, -0.254418, -0.135227, -0.010756, 0.114135, 0.23457, 0.345844, 0.443612, 0.524057, 0.584036, 0.621209, 0.634122, 0.622272, 0.586121, 0.527081, 0.447459, 0.350362, 0.239583, 0.119449, -0.00535064, -0.129941, -0.249457, -0.359232, -0.454977, -0.532956, -0.590122, -0.624242, -0.633987, -0.618954, -0.579801, -0.5177, -0.43609, -0.333949, -0.225892, -0.0817534, 0.0181154, 0.245423, 0.282495, 0.58557, 0.60098, 0.604851, 0.754874, 0.545406, 0.519629, 3.70367
0.709486, 0.726196, 0.42105, 0.26139, 0.151928, 0.17817, 0.346301, 0.353937, 0.376112, 0.289524, 0.189748, 0.0600006, -0.07333, -0.206897, -0.332579, -0.445558, -0.541154, -0.615636, -0.666078, -0.69051, -0.687977, -0.658577, -0.603459, -0.524774, -0.425597, -0.3098, -0.181904, -0.0469054, 0.0899254, 0.223244, 0.347846, 0.458863, 0.551961, 0.623504, 0.670699, 0.691702, 0.685693, 0.652906, 0.594623, 0.513119, 0.411578, 0.293963, 0.164869, 0.0293363, -0.107342, -0.239828, -0.362949, -0.471896, -0.562415, -0.630971, -0.674886, -0.692447, -0.682966, -0.646815, -0.585404, -0.501133, -0.397292, -0.277936, -0.147727, -0.0117482, 0.124689, 0.256257, 0.377818, 0.484625, 0.572506, 0.63803, 0.678639, 0.692745, 0.679799, 0.640306, 0.575808, 0.488824, 0.382751, 0.261731, 0.130489, -0.00584743, -0.141956, -0.272521, -0.392444, -0.497041, -0.582228, -0.644678, -0.681952, -0.692598, -0.676175, -0.633402, -0.56556, -0.476404, -0.36482, -0.246773, -0.0893093, 0.0197922, 0.268114, 0.308613, 0.639706, 0.656541, 0.66077, 0.824662, 0.595829, 0.567668, 3.70367
0.74182, 0.759291, 0.440238, 0.273301, 0.15885, 0.186289, 0.362082, 0.370065, 0.393251, 0.302717, 0.198393, 0.0627331, -0.0766739, -0.216328, -0.347738, -0.465865, -0.565817, -0.643694, -0.696434, -0.721979, -0.71933, -0.68859, -0.630959, -0.548689, -0.444992, -0.323917, -0.190193, -0.0490411, 0.0940256, 0.23342, 0.3637, 0.479776, 0.577117, 0.65192, 0.701265, 0.723225, 0.716942, 0.682661, 0.621721, 0.536503, 0.430333, 0.307358, 0.172381, 0.0306713, -0.112236, -0.25076, -0.379491, -0.493403, -0.588047, -0.659727, -0.705644, -0.724004, -0.714091, -0.676292, -0.612082, -0.52397, -0.415397, -0.290601, -0.154457, -0.0122817, 0.130374, 0.267938, 0.395038, 0.506712, 0.598598, 0.667108, 0.709567, 0.724316, 0.710779, 0.669486, 0.602048, 0.5111, 0.400192, 0.273657, 0.136434, -0.00611588, -0.148427, -0.284942, -0.41033, -0.519694, -0.608763, -0.674059, -0.713031, -0.724162, -0.70699, -0.662268, -0.591333, -0.498114, -0.381444, -0.258017, -0.0933775, 0.0206961, 0.280335, 0.322679, 0.668862, 0.686463, 0.690885, 0.862246, 0.622983, 0.593539, 3.70367
0.745185, 0.762735, 0.442234, 0.274539, 0.15957, 0.187132, 0.363723, 0.371742, 0.395033, 0.304088, 0.199292, 0.0630157, -0.0770235, -0.217311, -0.349317, -0.467979, -0.568385, -0.646614, -0.699594, -0.725254, -0.722592, -0.691712, -0.63382, -0.551176, -0.447009, -0.325384, -0.191053, -0.0492616, 0.0944539, 0.234481, 0.365351, 0.481954, 0.579736, 0.654878, 0.704446, 0.726505, 0.720193, 0.685757, 0.62454, 0.538935, 0.432283, 0.30875, 0.173161, 0.0308085, -0.112747, -0.251899, -0.381214, -0.495643, -0.590715, -0.66272, -0.708845, -0.727288, -0.717329, -0.679358, -0.614858, -0.526346, -0.417279, -0.291917, -0.155156, -0.0123355, 0.130967, 0.269155, 0.396832, 0.509012, 0.601314, 0.670135, 0.712786, 0.727601, 0.714003, 0.672522, 0.604778, 0.513417, 0.402006, 0.274896, 0.137051, -0.00614549, -0.149102, -0.286237, -0.412193, -0.522052, -0.611525, -0.677117, -0.716266, -0.727446, -0.710197, -0.665271, -0.594014, -0.500372, -0.383173, -0.259186, -0.0937991, 0.0207919, 0.281609, 0.324144, 0.671898, 0.689578, 0.69402, 0.866158, 0.625809, 0.596231, 3.70367
0.719449, 0.736392, 0.42696, 0.265056, 0.154057, 0.180668, 0.35116, 0.358902, 0.381389, 0.293584, 0.192407, 0.0608375, -0.0743653, -0.209807, -0.337254, -0.451818, -0.548756, -0.624284, -0.675433, -0.700207, -0.697637, -0.667823, -0.61193, -0.53214, -0.431569, -0.314145, -0.184453, -0.0475585, 0.0911937, 0.226385, 0.352735, 0.46531, 0.559715, 0.632262, 0.680118, 0.701415, 0.69532, 0.662073, 0.60297, 0.520321, 0.417352, 0.298086, 0.167178, 0.0297426, -0.108855, -0.243201, -0.36805, -0.478526, -0.570316, -0.639833, -0.684364, -0.70217, -0.692555, -0.655895, -0.593622, -0.508166, -0.402866, -0.281834, -0.149796, -0.0119076, 0.126446, 0.259861, 0.383128, 0.491434, 0.580548, 0.646992, 0.688169, 0.702473, 0.689344, 0.649295, 0.58389, 0.495684, 0.388121, 0.265401, 0.132316, -0.00593511, -0.143955, -0.276353, -0.397959, -0.504024, -0.590406, -0.653733, -0.691529, -0.702323, -0.685669, -0.642294, -0.573498, -0.48309, -0.369938, -0.250233, -0.0905578, 0.0200756, 0.271885, 0.312951, 0.648695, 0.665764, 0.670053, 0.836245, 0.604197, 0.57564, 3.70367
0.665618, 0.681293, 0.395012, 0.245222, 0.142529, 0.167148, 0.324884, 0.332047, 0.35285, 0.271616, 0.178009, 0.0562836, -0.068803, -0.194111, -0.312022, -0.418013, -0.507698, -0.577574, -0.624896, -0.647815, -0.645437, -0.617854, -0.566142, -0.492322, -0.399276, -0.290638, -0.17065, -0.0439981, 0.0843722, 0.209448, 0.326344, 0.430496, 0.517837, 0.584955, 0.62923, 0.648933, 0.643294, 0.612534, 0.557853, 0.481388, 0.386123, 0.27578, 0.154668, 0.0275153, -0.100712, -0.225006, -0.340513, -0.442723, -0.527644, -0.59196, -0.633159, -0.649632, -0.640736, -0.606819, -0.549204, -0.470143, -0.372721, -0.260745, -0.138586, -0.0110147, 0.116986, 0.240419, 0.354463, 0.454665, 0.537111, 0.598583, 0.636679, 0.649912, 0.637765, 0.600712, 0.540201, 0.458594, 0.359079, 0.245541, 0.122414, -0.00549296, -0.133186, -0.255677, -0.368184, -0.466313, -0.546232, -0.604819, -0.639787, -0.649773, -0.634365, -0.594235, -0.530586, -0.446942, -0.342256, -0.231508, -0.0837801, 0.0185754, 0.251544, 0.289537, 0.600159, 0.615951, 0.619919, 0.773676, 0.55899, 0.532569, 3.70367
0.585793, 0.599588, 0.347639, 0.215812, 0.125435, 0.147101, 0.285921, 0.292224, 0.310533, 0.23904, 0.156659, 0.0495317, -0.0605538, -0.170834, -0.274604, -0.367885, -0.446813, -0.508309, -0.549955, -0.570126, -0.568033, -0.543757, -0.498246, -0.433279, -0.351391, -0.255781, -0.150183, -0.0387195, 0.0742559, 0.184331, 0.287209, 0.37887, 0.455736, 0.514805, 0.55377, 0.571109, 0.566146, 0.539075, 0.490951, 0.423656, 0.339816, 0.242705, 0.136117, 0.0242134, -0.0886359, -0.198024, -0.299679, -0.389631, -0.464367, -0.52097, -0.557227, -0.571724, -0.563895, -0.534045, -0.48334, -0.413759, -0.328021, -0.229473, -0.121964, -0.00969168, 0.102959, 0.211589, 0.311956, 0.40014, 0.472699, 0.526798, 0.560325, 0.571971, 0.56128, 0.528671, 0.475416, 0.403596, 0.316014, 0.216092, 0.107731, -0.0048363, -0.117215, -0.225017, -0.324031, -0.410392, -0.480726, -0.532287, -0.563061, -0.571849, -0.558288, -0.52297, -0.466954, -0.393341, -0.301209, -0.203742, -0.0737306, 0.0163498, 0.221379, 0.254816, 0.528187, 0.542084, 0.545576, 0.680894, 0.491953, 0.4687, 3.70367
0.483093, 0.494468, 0.286691, 0.177974, 0.103442, 0.12131, 0.235792, 0.24099, 0.256089, 0.19713, 0.129191, 0.0408455, -0.04994, -0.140886, -0.226463, -0.303389, -0.36848, -0.419194, -0.453539, -0.470172, -0.468446, -0.448425, -0.410893, -0.357315, -0.289784, -0.210936, -0.123851, -0.0319289, 0.0612398, 0.152017, 0.236858, 0.312449, 0.375838, 0.424551, 0.456684, 0.470983, 0.46689, 0.444564, 0.404877, 0.349379, 0.280238, 0.200152, 0.112251, 0.019966, -0.0730987, -0.163309, -0.247142, -0.321323, -0.382956, -0.429635, -0.459535, -0.471491, -0.465033, -0.440416, -0.3986, -0.341218, -0.270511, -0.18924, -0.100579, -0.00799017, 0.0849105, 0.174495, 0.257266, 0.32999, 0.389827, 0.434441, 0.46209, 0.471693, 0.462877, 0.435984, 0.392065, 0.332836, 0.260609, 0.178205, 0.0888418, -0.00399078, -0.0966675, -0.185569, -0.267224, -0.338444, -0.396447, -0.438968, -0.464346, -0.471593, -0.460409, -0.431283, -0.385087, -0.324379, -0.2484, -0.16802, -0.0608019, 0.0134857, 0.18257, 0.210144, 0.435588, 0.447048, 0.449928, 0.561522, 0.405705, 0.386528, 3.70367
0.361527, 0.370039, 0.214546, 0.133187, 0.07741, 0.0907811, 0.176455, 0.180345, 0.191644, 0.147521, 0.0966787, 0.0305642, -0.0373759, -0.105436, -0.169478, -0.227046, -0.275757, -0.313709, -0.33941, -0.351858, -0.350565, -0.335582, -0.307494, -0.267398, -0.21686, -0.157853, -0.092682, -0.0238914, 0.0458322, 0.113766, 0.177257, 0.233826, 0.281264, 0.317718, 0.341764, 0.352465, 0.349401, 0.332693, 0.302992, 0.261459, 0.209716, 0.149783, 0.0840012, 0.0149388, -0.0547069, -0.122216, -0.184953, -0.240467, -0.286591, -0.321522, -0.343898, -0.352844, -0.348011, -0.329588, -0.298294, -0.255351, -0.202437, -0.141617, -0.0752663, -0.00597664, 0.0635464, 0.130588, 0.19253, 0.246953, 0.291732, 0.325119, 0.34581, 0.352996, 0.346397, 0.326271, 0.293404, 0.249079, 0.195027, 0.133359, 0.0664828, -0.00298941, -0.0723448, -0.138875, -0.199982, -0.25328, -0.296686, -0.328507, -0.347498, -0.352921, -0.344551, -0.322753, -0.288182, -0.24275, -0.18589, -0.125737, -0.0454988, 0.010095, 0.136631, 0.157266, 0.325979, 0.334555, 0.33671, 0.420221, 0.303614, 0.289262, 3.70367
0.225843, 0.231159, 0.134023, 0.0831976, 0.0483548, 0.0567072, 0.110227, 0.112657, 0.119715, 0.0921518, 0.0603907, 0.0190894, -0.0233522, -0.0658686, -0.105875, -0.141837, -0.172266, -0.195973, -0.212028, -0.219803, -0.218995, -0.209634, -0.192087, -0.167039, -0.135468, -0.0986062, -0.057894, -0.0149209, 0.0286348, 0.0710723, 0.110734, 0.146072, 0.175705, 0.198477, 0.213498, 0.220182, 0.218267, 0.207829, 0.189275, 0.163329, 0.131005, 0.0935649, 0.0524711, 0.00932833, -0.0341788, -0.0763511, -0.115542, -0.150221, -0.179033, -0.200854, -0.214831, -0.220419, -0.217399, -0.20589, -0.18634, -0.159513, -0.126457, -0.0884632, -0.0470145, -0.00372972, 0.0397007, 0.0815807, 0.120275, 0.154272, 0.182245, 0.203101, 0.216025, 0.220514, 0.216391, 0.203817, 0.183285, 0.155595, 0.121828, 0.0833045, 0.0415274, -0.0018713, -0.045197, -0.0867576, -0.12493, -0.158224, -0.185339, -0.205217, -0.21708, -0.220467, -0.215237, -0.20162, -0.180022, -0.151641, -0.11612, -0.0785432, -0.0284189, 0.00631006, 0.085356, 0.098246, 0.20364, 0.208996, 0.210343, 0.262511, 0.189666, 0.1807, 3.70367
0.0813391, 0.0832523, 0.0482667, 0.0299597, 0.0174113, 0.0204188, 0.0396952, 0.0405696, 0.0431115, 0.0331837, 0.0217443, 0.00686906, -0.00841663, -0.023729, -0.0381372, -0.0510885, -0.0620468, -0.0705842, -0.0763654, -0.0791645, -0.0788721, -0.0754997, -0.0691789, -0.0601565, -0.048785, -0.0355084, -0.0208451, -0.00536776, 0.0103192, 0.0256031, 0.0398873, 0.0526137, 0.0632856, 0.071486, 0.0768948, 0.0793008, 0.07861, 0.0748493, 0.0681657, 0.0588202, 0.0471776, 0.0336926, 0.018892, 0.00335353, -0.0123159, -0.0275043, -0.0416187, -0.0541078, -0.0644839, -0.0723418, -0.0773747, -0.079386, -0.0782972, -0.0741507, -0.0671086, -0.0574458, -0.0455397, -0.0318552, -0.0169267, -0.00133714, 0.0143046, 0.0293877, 0.0433232, 0.0555669, 0.0656406, 0.0731509, 0.0778046, 0.07942, 0.0779338, 0.0734043, 0.0660082, 0.0560344, 0.0438724, 0.0299971, 0.0149504, -0.000680116, -0.0162841, -0.0312522, -0.0449998, -0.0569901, -0.0667549, -0.0739128, -0.0781843, -0.0794028, -0.0775181, -0.0726126, -0.0648331, -0.0546104, -0.0418166, -0.0282823, -0.0102292, 0.0022787, 0.030748, 0.0353896, 0.0733487, 0.0752763, 0.0757614, 0.0945489, 0.068312, 0.0650808, 3.70367
-0.0663408, -0.0679056, -0.0393748, -0.0244482, -0.0142121, -0.0166669, -0.0323872, -0.033102, -0.0351759, -0.0270803, -0.0177512, -0.00561949, 0.00684765, 0.0193372, 0.0310899, 0.041655, 0.050595, 0.057561, 0.0622793, 0.0645656, 0.0643305, 0.0615832, 0.056431, 0.0490751, 0.0398028, 0.0289761, 0.0170178, 0.00439501, -0.00839943, -0.0208659, -0.0325175, -0.0428992, -0.0516057, -0.0582969, -0.0627115, -0.0646772, -0.0641171, -0.0610532, -0.0556051, -0.0479855, -0.038492, -0.0274953, -0.015425, -0.00275222, 0.010028, 0.0224166, 0.0339298, 0.044118, 0.0525834, 0.0589953, 0.0631033, 0.0647471, 0.0638624, 0.0604838, 0.0547432, 0.0468649, 0.0371564, 0.0259969, 0.0138221, 0.00110765, -0.0116501, -0.0239529, -0.0353203, -0.0453084, -0.0535271, -0.0596556, -0.0634544, -0.0647752, -0.0635665, -0.0598754, -0.0538461, -0.0457141, -0.0357968, -0.0244816, -0.0122104, 0.000537629, 0.0132647, 0.0254737, 0.036688, 0.0464695, 0.0544364, 0.0602774, 0.0637645, 0.0647617, 0.0632279, 0.0592301, 0.052888, 0.0445529, 0.0341203, 0.0230831, 0.00835998, -0.00184164, -0.0250607, -0.0288488, -0.059807, -0.0613834, -0.0617786, -0.0771052, -0.0557101, -0.0530796, 3.70367
-0.21143, -0.216412, -0.125479, -0.0779014, -0.0452806, -0.0531018, -0.103205, -0.105481, -0.11209, -0.0862867, -0.0565535, -0.0178886, 0.0218445, 0.0616483, 0.0991029, 0.132772, 0.161261, 0.183458, 0.198492, 0.205774, 0.205021, 0.196261, 0.179837, 0.15639, 0.126836, 0.092329, 0.0542162, 0.0139862, -0.02679, -0.06652, -0.103652, -0.136737, -0.164482, -0.185803, -0.199869, -0.206129, -0.20434, -0.194572, -0.177204, -0.152917, -0.122658, -0.0876096, -0.0491395, -0.0087505, 0.0319802, 0.0714621, 0.108153, 0.140621, 0.167597, 0.188029, 0.201117, 0.206352, 0.203528, 0.192756, 0.174457, 0.149345, 0.118401, 0.0828337, 0.0440312, 0.00350919, -0.0371498, -0.0763581, -0.112585, -0.144414, -0.170605, -0.190132, -0.202235, -0.206441, -0.202584, -0.190817, -0.171598, -0.145677, -0.114068, -0.0780044, -0.0388944, 0.00173438, 0.0422955, 0.0812048, 0.116943, 0.148115, 0.173502, 0.192114, 0.203223, 0.206397, 0.201505, 0.18876, 0.168544, 0.141976, 0.108725, 0.073547, 0.0266227, -0.00589007, -0.0798908, -0.0919606, -0.190627, -0.195646, -0.196906, -0.245748, -0.177557, -0.169167, 3.70367
-0.348263, -0.356467, -0.206682, -0.128312, -0.0745808, -0.087463, -0.169992, -0.173741, -0.184626, -0.142124, -0.0931474, -0.0294591, 0.0359883, 0.101552, 0.163246, 0.218704, 0.26563, 0.302192, 0.326953, 0.338947, 0.337705, 0.323275, 0.29622, 0.257598, 0.208917, 0.152076, 0.0892973, 0.0230311, -0.0441344, -0.109577, -0.170739, -0.225235, -0.270934, -0.306054, -0.329221, -0.339532, -0.336584, -0.320492, -0.291884, -0.251877, -0.202035, -0.144303, -0.0809351, -0.0144071, 0.0526836, 0.117717, 0.178153, 0.231632, 0.276066, 0.309719, 0.331277, 0.339898, 0.335246, 0.317502, 0.287359, 0.245994, 0.195023, 0.136436, 0.0725207, 0.00577369, -0.0611988, -0.125781, -0.185452, -0.237881, -0.28102, -0.313184, -0.333119, -0.340045, -0.333691, -0.314307, -0.282648, -0.239952, -0.187885, -0.128481, -0.0640596, 0.0028634, 0.0696745, 0.133765, 0.192631, 0.243975, 0.285792, 0.316448, 0.334746, 0.339973, 0.331913, 0.310918, 0.277618, 0.233855, 0.179083, 0.121139, 0.0438457, -0.00970849, -0.131601, -0.151481, -0.314003, -0.322268, -0.324344, -0.404795, -0.29247, -0.278648, 3.70367
-0.471495, -0.482601, -0.279815, -0.173713, -0.100968, -0.118409, -0.230141, -0.235216, -0.249952, -0.19241, -0.126104, -0.0398792, 0.0487267, 0.13749, 0.221014, 0.296095, 0.359625, 0.409124, 0.442646, 0.458884, 0.457201, 0.437664, 0.401036, 0.348747, 0.282838, 0.205885, 0.120891, 0.0311767, -0.0597553, -0.148354, -0.231159, -0.304937, -0.366807, -0.414352, -0.445717, -0.459676, -0.455683, -0.433896, -0.395165, -0.341001, -0.273522, -0.19536, -0.10957, -0.019501, 0.0713296, 0.159375, 0.241196, 0.313598, 0.373754, 0.419314, 0.4485, 0.460171, 0.453872, 0.429848, 0.389038, 0.333036, 0.264028, 0.18471, 0.0981783, 0.00781272, -0.0828579, -0.170293, -0.251078, -0.322057, -0.380461, -0.424006, -0.450994, -0.460369, -0.451767, -0.425523, -0.382661, -0.324856, -0.254365, -0.17394, -0.0867231, 0.0038806, 0.0943327, 0.181101, 0.260797, 0.330309, 0.386921, 0.428424, 0.453196, 0.460272, 0.449359, 0.420935, 0.37585, 0.316602, 0.242448, 0.164, 0.0593565, -0.0131478, -0.178172, -0.205086, -0.425117, -0.436306, -0.439116, -0.548033, -0.395961, -0.377248, 3.70367
-0.576315, -0.589889, -0.34202, -0.212329, -0.123413, -0.14473, -0.281303, -0.287505, -0.305518, -0.235183, -0.154135, -0.048742, 0.0595623, 0.168059, 0.270151, 0.361923, 0.439576, 0.500079, 0.541054, 0.5609, 0.558843, 0.534962, 0.49019, 0.426276, 0.345715, 0.251653, 0.147764, 0.0381048, -0.0730427, -0.181338, -0.282551, -0.372731, -0.448355, -0.50647, -0.544807, -0.561868, -0.556988, -0.530356, -0.483014, -0.416809, -0.334327, -0.238789, -0.133926, -0.0238334, 0.0871901, 0.194809, 0.29482, 0.383318, 0.456847, 0.512535, 0.548208, 0.562473, 0.554773, 0.525408, 0.475525, 0.407072, 0.322723, 0.225771, 0.120002, 0.00954665, -0.101281, -0.208154, -0.306898, -0.393657, -0.465044, -0.51827, -0.551257, -0.562716, -0.552201, -0.520121, -0.46773, -0.397074, -0.310911, -0.212607, -0.106, 0.00474626, 0.115307, 0.221365, 0.318778, 0.403743, 0.472941, 0.52367, 0.553948, 0.562596, 0.549257, 0.514513, 0.459405, 0.386985, 0.296346, 0.200457, 0.0725494, -0.0160736, -0.217785, -0.250683, -0.519629, -0.533305, -0.53674, -0.66987, -0.48399, -0.461116, 3.70367
-0.658629, -0.674142, -0.390869, -0.242654, -0.141038, -0.1654, -0.321479, -0.328567, -0.349153, -0.268772, -0.176148, -0.0557013, 0.0680719, 0.192065, 0.308738, 0.413618, 0.502362, 0.571506, 0.618332, 0.641013, 0.638661, 0.611369, 0.560202, 0.487159, 0.395091, 0.287594, 0.168867, 0.0435448, -0.0834777, -0.20724, -0.32291, -0.425969, -0.512394, -0.578809, -0.622621, -0.642119, -0.636541, -0.606105, -0.552, -0.476339, -0.382076, -0.272893, -0.153052, -0.0272351, 0.0996457, 0.222635, 0.336931, 0.438068, 0.522099, 0.585741, 0.626509, 0.642811, 0.63401, 0.60045, 0.543442, 0.465212, 0.368815, 0.258015, 0.137139, 0.0109078, -0.11575, -0.237887, -0.350734, -0.449885, -0.531467, -0.592294, -0.629992, -0.643088, -0.63107, -0.594408, -0.534534, -0.453785, -0.355316, -0.242971, -0.121137, 0.00542657, 0.131779, 0.252985, 0.364311, 0.461411, 0.540492, 0.598466, 0.633068, 0.642951, 0.627706, 0.587999, 0.52502, 0.442256, 0.33867, 0.229085, 0.0829091, -0.0183718, -0.248894, -0.286489, -0.593849, -0.609477, -0.613403, -0.765548, -0.553118, -0.526976, 3.70367
-0.715223, -0.732068, -0.424454, -0.263503, -0.153156, -0.179611, -0.349101, -0.356798, -0.379152, -0.291864, -0.191282, -0.0604854, 0.0739232, 0.20857, 0.335269, 0.44916, 0.54553, 0.620614, 0.671464, 0.696093, 0.693539, 0.663901, 0.608338, 0.529017, 0.429038, 0.312304, 0.183375, 0.0472844, -0.0906527, -0.22505, -0.350658, -0.462573, -0.556424, -0.628545, -0.676121, -0.697294, -0.691237, -0.658185, -0.599431, -0.517268, -0.414905, -0.29634, -0.166202, -0.0295732, 0.10821, 0.241768, 0.365884, 0.475712, 0.566962, 0.636072, 0.680343, 0.698045, 0.688488, 0.652044, 0.590137, 0.505185, 0.400504, 0.280183, 0.148921, 0.0118429, -0.125698, -0.258329, -0.380873, -0.488543, -0.577135, -0.643189, -0.684126, -0.698346, -0.685295, -0.645483, -0.580463, -0.492776, -0.385845, -0.263846, -0.131544, 0.00589496, 0.143104, 0.274725, 0.395617, 0.50106, 0.586935, 0.649891, 0.687466, 0.698198, 0.681642, 0.638523, 0.570132, 0.480256, 0.367769, 0.248768, 0.0900311, -0.0199525, -0.270282, -0.311108, -0.644879, -0.661849, -0.666113, -0.83133, -0.600646, -0.572258, 3.70367
-0.743886, -0.761406, -0.441464, -0.274062, -0.159293, -0.186807, -0.36309, -0.371096, -0.394346, -0.303559, -0.198946, -0.0629075, 0.0768877, 0.216931, 0.348707, 0.467162, 0.567393, 0.645487, 0.698374, 0.72399, 0.721333, 0.690507, 0.632716, 0.550217, 0.446231, 0.324819, 0.190722, 0.0491774, -0.0942877, -0.234071, -0.364713, -0.481113, -0.578724, -0.653736, -0.703218, -0.725239, -0.718938, -0.684562, -0.623453, -0.537997, -0.431531, -0.308214, -0.17286, -0.0307564, 0.112549, 0.251458, 0.380549, 0.494778, 0.589685, 0.661564, 0.707609, 0.72602, 0.71608, 0.678175, 0.613787, 0.525429, 0.416553, 0.29141, 0.154887, 0.0123156, -0.130737, -0.268684, -0.396139, -0.508123, -0.600265, -0.668966, -0.711543, -0.726333, -0.712759, -0.671351, -0.603725, -0.512523, -0.401307, -0.274419, -0.136814, 0.00613315, 0.148841, 0.285736, 0.411473, 0.521142, 0.610459, 0.675937, 0.715017, 0.726179, 0.708959, 0.664112, 0.59298, 0.499501, 0.382506, 0.258736, 0.0936373, -0.020754, -0.281116, -0.323578, -0.670725, -0.688375, -0.692809, -0.864648, -0.624718, -0.595192, 3.70367
-0.7435, -0.76101, -0.441234, -0.273918, -0.159209, -0.186709, -0.3629, -0.370901, -0.39414, -0.3034, -0.198841, -0.062873, 0.0768496, 0.21682, 0.348527, 0.466921, 0.5671, 0.645152, 0.698012, 0.723614, 0.720958, 0.690148, 0.632387, 0.54993, 0.445998, 0.324648, 0.190621, 0.04915, -0.0942405, -0.233951, -0.364525, -0.480864, -0.578425, -0.653397, -0.702853, -0.724862, -0.718565, -0.684206, -0.623128, -0.537716, -0.431306, -0.308052, -0.172769, -0.0307386, 0.112492, 0.25133, 0.380352, 0.494522, 0.58938, 0.661222, 0.707242, 0.725643, 0.715707, 0.677822, 0.613467, 0.525155, 0.416335, 0.291257, 0.154805, 0.0123073, -0.130671, -0.268546, -0.395934, -0.507861, -0.599955, -0.66862, -0.711174, -0.725956, -0.712388, -0.671001, -0.60341, -0.512256, -0.401097, -0.274274, -0.136741, 0.00613183, 0.148765, 0.28559, 0.411261, 0.520872, 0.610142, 0.675586, 0.714646, 0.725801, 0.708591, 0.663766, 0.592671, 0.49924, 0.382306, 0.2586, 0.0935868, -0.0207451, -0.280972, -0.323412, -0.670378, -0.688019, -0.692451, -0.864199, -0.624394, -0.594883, 3.70367
-0.714079, -0.730895, -0.423773, -0.263077, -0.152907, -0.179319, -0.348539, -0.356223, -0.378541, -0.291393, -0.190971, -0.0603832, 0.0738104, 0.208242, 0.334737, 0.448446, 0.54466, 0.619624, 0.670391, 0.69498, 0.692429, 0.662838, 0.607362, 0.528167, 0.428347, 0.3118, 0.183076, 0.0472032, -0.0905132, -0.224695, -0.350102, -0.461837, -0.555537, -0.627542, -0.675041, -0.696179, -0.69013, -0.657131, -0.598469, -0.516437, -0.414237, -0.29586, -0.16593, -0.0295204, 0.108042, 0.241386, 0.365303, 0.474955, 0.566059, 0.635057, 0.679256, 0.696929, 0.687386, 0.650999, 0.589191, 0.504373, 0.399859, 0.27973, 0.148677, 0.0118185, -0.125502, -0.257921, -0.380268, -0.487766, -0.576215, -0.642162, -0.683032, -0.697229, -0.684198, -0.644448, -0.579532, -0.491984, -0.385223, -0.263419, -0.131328, 0.00589106, 0.14288, 0.27429, 0.394988, 0.500262, 0.586, 0.648853, 0.686367, 0.697081, 0.680551, 0.6375, 0.569217, 0.479483, 0.367176, 0.248365, 0.0898816, -0.019926, -0.269856, -0.310615, -0.643853, -0.660795, -0.665051, -0.830003, -0.599687, -0.571343, 3.70367
-0.656772, -0.672238, -0.389763, -0.241963, -0.140635, -0.164927, -0.320566, -0.327634, -0.348161, -0.268006, -0.175643, -0.0555353, 0.0678889, 0.191532, 0.307875, 0.412458, 0.500951, 0.569898, 0.616591, 0.639206, 0.636859, 0.609643, 0.558618, 0.485779, 0.39397, 0.286775, 0.168382, 0.0434131, -0.0832512, -0.206664, -0.322007, -0.424775, -0.510955, -0.577181, -0.620868, -0.640309, -0.634745, -0.604393, -0.550439, -0.47499, -0.380992, -0.272115, -0.152612, -0.0271493, 0.0993736, 0.222016, 0.335988, 0.43684, 0.520632, 0.584093, 0.624744, 0.640998, 0.632221, 0.598754, 0.541905, 0.463894, 0.367768, 0.257279, 0.136744, 0.0108681, -0.115432, -0.237224, -0.349752, -0.448623, -0.529973, -0.590628, -0.628217, -0.641274, -0.629289, -0.592729, -0.533022, -0.452499, -0.354306, -0.242277, -0.120787, 0.00542023, 0.131416, 0.252279, 0.363291, 0.460116, 0.538973, 0.596782, 0.631285, 0.641138, 0.625934, 0.586338, 0.523535, 0.441002, 0.337708, 0.228431, 0.0826664, -0.0183288, -0.248201, -0.285689, -0.592184, -0.607765, -0.611681, -0.763394, -0.551561, -0.525491, 3.70367
-0.573817, -0.58733, -0.340532, -0.2114, -0.12287, -0.144094, -0.280075, -0.28625, -0.304184, -0.234153, -0.153456, -0.0485187, 0.0593162, 0.167342, 0.268991, 0.360364, 0.437679, 0.497917, 0.538712, 0.55847, 0.55642, 0.53264, 0.48806, 0.424421, 0.344207, 0.250552, 0.147112, 0.0379276, -0.0727381, -0.180563, -0.281337, -0.371125, -0.446419, -0.50428, -0.542449, -0.559434, -0.554572, -0.528054, -0.480914, -0.414994, -0.332868, -0.237743, -0.133334, -0.0237181, 0.0868242, 0.193976, 0.293552, 0.381665, 0.454874, 0.510319, 0.545835, 0.560036, 0.552367, 0.523127, 0.473458, 0.4053, 0.321314, 0.224781, 0.11947, 0.00949324, -0.100854, -0.207263, -0.305578, -0.39196, -0.463035, -0.516028, -0.54887, -0.560277, -0.549805, -0.517862, -0.465696, -0.395344, -0.309553, -0.211674, -0.105529, 0.00473773, 0.114819, 0.220417, 0.317407, 0.402002, 0.470898, 0.521405, 0.55155, 0.560158, 0.546874, 0.512279, 0.457407, 0.385299, 0.295051, 0.199577, 0.072223, -0.0160159, -0.216854, -0.249607, -0.517389, -0.531002, -0.534423, -0.666974, -0.481896, -0.459118, 3.70367
-0.468454, -0.479485, -0.278003, -0.172581, -0.100308, -0.117634, -0.228647, -0.233687, -0.248329, -0.191156, -0.125276, -0.0396074, 0.0484271, 0.136617, 0.219601, 0.294197, 0.357315, 0.406492, 0.439796, 0.455926, 0.454251, 0.434837, 0.398443, 0.346488, 0.281003, 0.204544, 0.120098, 0.030961, -0.0593845, -0.147411, -0.229681, -0.302981, -0.36445, -0.411687, -0.442846, -0.456712, -0.452743, -0.431093, -0.392609, -0.338792, -0.271746, -0.194087, -0.108849, -0.0193606, 0.0708841, 0.158361, 0.239653, 0.311587, 0.371353, 0.416616, 0.445611, 0.457204, 0.450942, 0.427071, 0.386521, 0.330878, 0.262314, 0.183505, 0.0975308, 0.00774769, -0.082338, -0.169208, -0.249471, -0.319991, -0.378015, -0.421277, -0.448088, -0.457401, -0.448851, -0.422773, -0.380185, -0.32275, -0.252712, -0.172805, -0.0861494, 0.00387022, 0.0937387, 0.179947, 0.259127, 0.328189, 0.384434, 0.425667, 0.450276, 0.457303, 0.446458, 0.418214, 0.373418, 0.31455, 0.240873, 0.162929, 0.0589592, -0.0130775, -0.177038, -0.203777, -0.42239, -0.433503, -0.436295, -0.544507, -0.393412, -0.374816, 3.70367
-0.344798, -0.352916, -0.204618, -0.127023, -0.0738276, -0.0865799, -0.16829, -0.171999, -0.182776, -0.140694, -0.0922046, -0.0291494, 0.0356469, 0.100558, 0.161636, 0.216541, 0.262997, 0.299193, 0.323705, 0.335576, 0.334343, 0.320053, 0.293265, 0.255025, 0.206825, 0.150548, 0.0883928, 0.0227854, -0.0437119, -0.108502, -0.169055, -0.223006, -0.268249, -0.303016, -0.32595, -0.336155, -0.333233, -0.317298, -0.288971, -0.24936, -0.200011, -0.142852, -0.0801137, -0.0142471, 0.052176, 0.116561, 0.176395, 0.22934, 0.273329, 0.306645, 0.327985, 0.336517, 0.331908, 0.314337, 0.284491, 0.243535, 0.193069, 0.135063, 0.071783, 0.00569959, -0.0606064, -0.124546, -0.183621, -0.235526, -0.278233, -0.310075, -0.329808, -0.336662, -0.330368, -0.311173, -0.279827, -0.237553, -0.186002, -0.127187, -0.0634059, 0.00285158, 0.0689977, 0.132449, 0.190729, 0.24156, 0.282958, 0.313306, 0.331418, 0.33659, 0.328607, 0.307818, 0.274846, 0.231517, 0.177288, 0.119918, 0.0433929, -0.00962837, -0.130309, -0.149989, -0.310895, -0.319074, -0.32113, -0.400776, -0.289565, -0.275877, 3.70367
-0.207676, -0.212565, -0.123242, -0.0765047, -0.0444647, -0.0521451, -0.10136, -0.103594, -0.110085, -0.0847385, -0.0555322, -0.017553, 0.0214746, 0.060571, 0.0973592, 0.130428, 0.158409, 0.18021, 0.194973, 0.202122, 0.201379, 0.192771, 0.176636, 0.153602, 0.12457, 0.0906737, 0.0532363, 0.0137199, -0.0263322, -0.0653561, -0.101828, -0.134323, -0.161572, -0.182512, -0.196325, -0.202471, -0.20071, -0.191111, -0.174049, -0.15019, -0.120466, -0.0860379, -0.0482496, -0.00857717, 0.0314302, 0.0702103, 0.106248, 0.138138, 0.164632, 0.184698, 0.19755, 0.202689, 0.199912, 0.189328, 0.17135, 0.146682, 0.116285, 0.0813466, 0.0432319, 0.00342891, -0.036508, -0.0750192, -0.110601, -0.141863, -0.167586, -0.186764, -0.198649, -0.202776, -0.198984, -0.187422, -0.168541, -0.143078, -0.112028, -0.0766028, -0.0381862, 0.00172157, 0.0415621, 0.0797797, 0.114882, 0.145497, 0.170431, 0.18871, 0.199618, 0.202732, 0.197923, 0.185401, 0.165541, 0.139443, 0.106779, 0.0722245, 0.0261321, -0.00580327, -0.0784909, -0.0903439, -0.18726, -0.192185, -0.193424, -0.241395, -0.17441, -0.166164, 3.70367
-0.0624445, -0.0639127, -0.0370535, -0.0229986, -0.0133653, -0.015674, -0.0304727, -0.0311438, -0.0330951, -0.0254733, -0.0166911, -0.00527122, 0.00646369, 0.018219, 0.0292801, 0.0392226, 0.0476351, 0.054189, 0.0586268, 0.0607752, 0.0605503, 0.0579609, 0.053108, 0.0461811, 0.0374508, 0.027258, 0.0160008, 0.00411866, -0.00792428, -0.0196578, -0.0306236, -0.0403935, -0.048586, -0.0548812, -0.0590332, -0.0608798, -0.0603491, -0.0574616, -0.0523301, -0.0451551, -0.0362167, -0.025864, -0.0145013, -0.00257232, 0.00945714, 0.0211173, 0.0319528, 0.0415405, 0.0495059, 0.0555382, 0.0594015, 0.0609452, 0.0601088, 0.0569252, 0.0515185, 0.0441, 0.0349593, 0.0244534, 0.0129925, 0.00102433, -0.0109839, -0.0225632, -0.0332613, -0.0426606, -0.0503939, -0.0561593, -0.0597315, -0.0609712, -0.0598299, -0.0563521, -0.0506737, -0.0430164, -0.0336793, -0.0230269, -0.0114754, 0.000524335, 0.0125036, 0.0239945, 0.0345484, 0.0437532, 0.0512494, 0.0567442, 0.0600229, 0.060958, 0.0595107, 0.0557442, 0.0497715, 0.0419231, 0.032101, 0.0217104, 0.00785081, -0.00175155, -0.0236077, -0.0271708, -0.0563124, -0.0577917, -0.0581641, -0.072587, -0.0524442, -0.049963, 3.70367
0.0852256, 0.0872351, 0.0505821, 0.0314057, 0.018256, 0.0214093, 0.0416048, 0.0425228, 0.045187, 0.0347866, 0.0228017, 0.00721645, -0.00879962, -0.0248444, -0.0399424, -0.0535147, -0.0649993, -0.0739478, -0.0800087, -0.0829453, -0.0826427, -0.0791129, -0.0724935, -0.0630433, -0.051131, -0.0372221, -0.0218596, -0.00564342, 0.0107931, 0.0268082, 0.0417764, 0.0551131, 0.0662976, 0.0748931, 0.0805639, 0.0830886, 0.0823686, 0.0784319, 0.0714324, 0.0616434, 0.0494471, 0.0353198, 0.0198133, 0.00353298, -0.0128853, -0.0288004, -0.0435907, -0.0566788, -0.0675536, -0.0757902, -0.0810672, -0.0831783, -0.0820413, -0.0777004, -0.0703252, -0.0602038, -0.0477312, -0.0333948, -0.0177542, -0.00142026, 0.0149691, 0.0307739, 0.045377, 0.058208, 0.0687659, 0.0766384, 0.0815181, 0.0832144, 0.0816611, 0.0769188, 0.0691727, 0.0587253, 0.0459846, 0.0314482, 0.0156836, -0.000693376, -0.0170433, -0.0327277, -0.047134, -0.0596996, -0.0699339, -0.0774372, -0.0819164, -0.0831969, -0.081226, -0.0760897, -0.0679418, -0.0572335, -0.0438308, -0.0296515, -0.0107371, 0.00236857, 0.0321974, 0.0370634, 0.0768345, 0.078859, 0.0793668, 0.0990558, 0.0715697, 0.0681895, 3.70367
0.229567, 0.234976, 0.136242, 0.0845835, 0.0491644, 0.0576565, 0.112058, 0.114529, 0.121704, 0.093688, 0.0614042, 0.0194223, -0.0237193, -0.0669376, -0.107605, -0.144162, -0.175095, -0.199197, -0.21552, -0.223427, -0.222608, -0.213097, -0.195264, -0.169806, -0.137716, -0.100249, -0.0588663, -0.0151851, 0.0290891, 0.0722273, 0.112545, 0.148467, 0.178592, 0.201743, 0.217015, 0.223812, 0.22187, 0.211263, 0.192405, 0.166035, 0.13318, 0.0951244, 0.0533541, 0.00950031, -0.0347245, -0.0775933, -0.117432, -0.152685, -0.181975, -0.204159, -0.21837, -0.224054, -0.220988, -0.209292, -0.189423, -0.162156, -0.128558, -0.0899388, -0.0478076, -0.00380938, 0.0403376, 0.0829093, 0.122243, 0.156804, 0.18524, 0.206443, 0.219584, 0.22415, 0.219963, 0.207186, 0.186318, 0.158174, 0.123853, 0.0846952, 0.0422302, -0.00188401, -0.0459246, -0.0881718, -0.126976, -0.160821, -0.188386, -0.208595, -0.220657, -0.224103, -0.218791, -0.204952, -0.183002, -0.154155, -0.118051, -0.0798554, -0.0289057, 0.00639619, 0.0867451, 0.0998502, 0.206981, 0.21243, 0.213798, 0.26683, 0.192789, 0.183679, 3.70367
0.364945, 0.373541, 0.216582, 0.134458, 0.0781529, 0.0916521, 0.178134, 0.182063, 0.193469, 0.148931, 0.0976087, 0.0308697, -0.0377127, -0.106417, -0.171066, -0.22918, -0.278354, -0.316667, -0.342614, -0.355183, -0.353881, -0.33876, -0.310409, -0.269937, -0.218923, -0.15936, -0.0935742, -0.0241338, 0.046249, 0.114826, 0.178918, 0.236024, 0.283913, 0.320714, 0.344991, 0.355796, 0.352706, 0.335843, 0.305865, 0.263942, 0.211712, 0.151214, 0.0848115, 0.0150966, -0.0552077, -0.123356, -0.186687, -0.242728, -0.28929, -0.324555, -0.347145, -0.356179, -0.351304, -0.33271, -0.301123, -0.257777, -0.204364, -0.142971, -0.075994, -0.00604974, 0.0641308, 0.131807, 0.194336, 0.249276, 0.294481, 0.328186, 0.349076, 0.356333, 0.349675, 0.329362, 0.296187, 0.251445, 0.196884, 0.134635, 0.0671275, -0.00300107, -0.0730125, -0.140173, -0.201859, -0.255662, -0.299482, -0.331606, -0.35078, -0.356257, -0.347811, -0.325811, -0.290915, -0.245057, -0.187661, -0.126941, -0.0459454, 0.010174, 0.137905, 0.158738, 0.329045, 0.337706, 0.339881, 0.424185, 0.306479, 0.291996, 3.70367
0.48607, 0.497519, 0.288464, 0.179082, 0.104089, 0.122069, 0.237255, 0.242486, 0.257679, 0.198358, 0.130001, 0.0411116, -0.0502334, -0.14174, -0.227846, -0.305248, -0.370742, -0.421771, -0.45633, -0.473069, -0.471334, -0.451193, -0.413433, -0.359527, -0.291581, -0.212249, -0.124628, -0.0321401, 0.0616029, 0.15294, 0.238305, 0.314364, 0.378146, 0.427161, 0.459495, 0.473885, 0.469769, 0.447309, 0.40738, 0.351542, 0.281976, 0.201399, 0.112957, 0.0201034, -0.073535, -0.164302, -0.248652, -0.323293, -0.385308, -0.432277, -0.462364, -0.474396, -0.467902, -0.443135, -0.401064, -0.34333, -0.27219, -0.190419, -0.101213, -0.00805385, 0.0854196, 0.175557, 0.258839, 0.332013, 0.392222, 0.437113, 0.464935, 0.4746, 0.465732, 0.438676, 0.394489, 0.334897, 0.262227, 0.179317, 0.0894035, -0.00400094, -0.0972491, -0.1867, -0.268859, -0.34052, -0.398882, -0.441668, -0.467205, -0.474499, -0.463249, -0.433946, -0.387468, -0.326389, -0.249943, -0.169069, -0.061191, 0.0135546, 0.18368, 0.211426, 0.438259, 0.449793, 0.45269, 0.564974, 0.408201, 0.38891, 3.70367
0.588214, 0.602068, 0.349082, 0.216713, 0.125961, 0.147718, 0.28711, 0.293441, 0.311826, 0.240038, 0.157317, 0.049748, -0.0607924, -0.171529, -0.275729, -0.369396, -0.448652, -0.510404, -0.552224, -0.572481, -0.570381, -0.546007, -0.500311, -0.435077, -0.352852, -0.256849, -0.150815, -0.0388912, 0.0745511, 0.185082, 0.288385, 0.380427, 0.457612, 0.516927, 0.556055, 0.573469, 0.568487, 0.541306, 0.492986, 0.425414, 0.341229, 0.243719, 0.136691, 0.0243252, -0.0889906, -0.198831, -0.300907, -0.391232, -0.466279, -0.523117, -0.559527, -0.574086, -0.566227, -0.536256, -0.485343, -0.415477, -0.329386, -0.230432, -0.122479, -0.00974344, 0.103373, 0.212452, 0.313235, 0.401785, 0.474645, 0.52897, 0.562638, 0.574334, 0.563601, 0.530859, 0.477387, 0.405271, 0.31733, 0.216996, 0.108188, -0.00484456, -0.117688, -0.225936, -0.32536, -0.412079, -0.482706, -0.534482, -0.565385, -0.574212, -0.560597, -0.525136, -0.46889, -0.394975, -0.302464, -0.204595, -0.074047, 0.0164058, 0.222282, 0.255858, 0.530358, 0.544316, 0.547822, 0.683701, 0.493982, 0.470636, 3.70367
0.667387, 0.683106, 0.396067, 0.24588, 0.142914, 0.167599, 0.325753, 0.332936, 0.353795, 0.272345, 0.17849, 0.0564417, -0.0689773, -0.194619, -0.312844, -0.419118, -0.509042, -0.579105, -0.626554, -0.649537, -0.647154, -0.619499, -0.567651, -0.493636, -0.400344, -0.291418, -0.171112, -0.0441236, 0.084588, 0.209996, 0.327204, 0.431634, 0.519208, 0.586506, 0.6309, 0.650657, 0.645005, 0.614165, 0.55934, 0.482673, 0.387156, 0.276521, 0.155087, 0.027597, -0.100971, -0.225596, -0.341411, -0.443894, -0.529041, -0.59353, -0.63484, -0.651358, -0.64244, -0.608435, -0.550668, -0.471398, -0.373719, -0.261446, -0.138962, -0.0110525, 0.117289, 0.24105, 0.355398, 0.455867, 0.538534, 0.60017, 0.638369, 0.651639, 0.639461, 0.602312, 0.541641, 0.459819, 0.36004, 0.246201, 0.122748, -0.005499, -0.133531, -0.256349, -0.369156, -0.467546, -0.547679, -0.606424, -0.641486, -0.6515, -0.636053, -0.595818, -0.532001, -0.448136, -0.343173, -0.232131, -0.0840113, 0.0186163, 0.252204, 0.290299, 0.601746, 0.617582, 0.62156, 0.775728, 0.560473, 0.533984, 3.70367
0.720498, 0.737467, 0.427585, 0.265446, 0.154285, 0.180935, 0.351676, 0.359429, 0.381949, 0.294017, 0.192692, 0.0609313, -0.0744686, -0.210108, -0.337742, -0.452473, -0.549553, -0.625191, -0.676416, -0.701227, -0.698654, -0.668798, -0.612824, -0.532919, -0.432202, -0.314608, -0.184727, -0.0476329, 0.0913216, 0.22671, 0.353245, 0.465985, 0.560528, 0.633181, 0.681108, 0.702437, 0.696335, 0.663039, 0.603852, 0.521083, 0.417965, 0.298525, 0.167427, 0.0297911, -0.109008, -0.243551, -0.368582, -0.47922, -0.571144, -0.640764, -0.685361, -0.703194, -0.693566, -0.656853, -0.59449, -0.508911, -0.403458, -0.28225, -0.150019, -0.01193, 0.126625, 0.260235, 0.383682, 0.492147, 0.581392, 0.647933, 0.689171, 0.703497, 0.690349, 0.650243, 0.584744, 0.49641, 0.388691, 0.265792, 0.132514, -0.00593869, -0.14416, -0.276751, -0.398535, -0.504755, -0.591264, -0.654684, -0.692536, -0.703347, -0.686669, -0.643232, -0.574337, -0.483798, -0.370481, -0.250602, -0.0906949, 0.0200999, 0.272276, 0.313403, 0.649635, 0.666731, 0.671026, 0.837461, 0.605076, 0.576478, 3.70367
0.745472, 0.763029, 0.442405, 0.274646, 0.159632, 0.187205, 0.363864, 0.371887, 0.395186, 0.304206, 0.19937, 0.0630414, -0.0770519, -0.217393, -0.34945, -0.468159, -0.568603, -0.646863, -0.699863, -0.725534, -0.722871, -0.69198, -0.634065, -0.55139, -0.447182, -0.325511, -0.191128, -0.049282, 0.0944889, 0.23457, 0.365491, 0.482139, 0.579958, 0.65513, 0.704718, 0.726785, 0.720471, 0.686022, 0.624782, 0.539144, 0.432451, 0.308871, 0.173229, 0.0308218, -0.112789, -0.251995, -0.38136, -0.495833, -0.590943, -0.662975, -0.709118, -0.727568, -0.717606, -0.679621, -0.615095, -0.52655, -0.417441, -0.292031, -0.155217, -0.0123416, 0.131016, 0.269257, 0.396983, 0.509207, 0.601545, 0.670393, 0.71306, 0.727882, 0.714279, 0.672782, 0.605012, 0.513616, 0.402162, 0.275003, 0.137106, -0.00614647, -0.149158, -0.286346, -0.412351, -0.522253, -0.61176, -0.677378, -0.716542, -0.727727, -0.710471, -0.665528, -0.594244, -0.500566, -0.383322, -0.259287, -0.0938367, 0.0207985, 0.281716, 0.324268, 0.672155, 0.689843, 0.694287, 0.866491, 0.62605, 0.596461, 3.70367
0.741335, 0.758794, 0.439949, 0.27312, 0.158745, 0.186165, 0.361844, 0.369821, 0.392992, 0.302517, 0.198261, 0.0626897, -0.0766261, -0.216189, -0.347513, -0.465562, -0.565449, -0.643274, -0.69598, -0.721507, -0.718859, -0.688139, -0.630546, -0.548329, -0.444699, -0.323703, -0.190066, -0.0490067, 0.0939664, 0.23327, 0.363464, 0.479464, 0.576741, 0.651495, 0.700807, 0.722752, 0.716472, 0.682214, 0.621314, 0.53615, 0.43005, 0.307155, 0.172266, 0.0306489, -0.112165, -0.250598, -0.379245, -0.493082, -0.587664, -0.659297, -0.705183, -0.723531, -0.713624, -0.675849, -0.611681, -0.523626, -0.415123, -0.290409, -0.154354, -0.0122713, 0.130291, 0.267765, 0.394782, 0.506382, 0.598208, 0.666673, 0.709103, 0.723842, 0.710314, 0.669047, 0.601653, 0.510764, 0.399929, 0.273476, 0.136343, -0.00611422, -0.148333, -0.284758, -0.410064, -0.519356, -0.608366, -0.673619, -0.712565, -0.723688, -0.706528, -0.661834, -0.590945, -0.497787, -0.381193, -0.257847, -0.0933141, 0.0206849, 0.280154, 0.32247, 0.668427, 0.686016, 0.690435, 0.861683, 0.622576, 0.593151, 3.70367
0.708248, 0.724927, 0.420312, 0.260929, 0.151659, 0.177855, 0.345693, 0.353314, 0.37545, 0.289013, 0.189411, 0.0598898, -0.073208, -0.206541, -0.332004, -0.444784, -0.540213, -0.614564, -0.664917, -0.689305, -0.686775, -0.657425, -0.602402, -0.523854, -0.424849, -0.309254, -0.181581, -0.0468175, 0.0897744, 0.22286, 0.347243, 0.458066, 0.551001, 0.622418, 0.669529, 0.690494, 0.684495, 0.651764, 0.593582, 0.51222, 0.410854, 0.293444, 0.164575, 0.029279, -0.10716, -0.239415, -0.36232, -0.471077, -0.561436, -0.629872, -0.673709, -0.691238, -0.681773, -0.645683, -0.584379, -0.500254, -0.396594, -0.277446, -0.147463, -0.0117217, 0.124477, 0.255815, 0.377164, 0.483783, 0.57151, 0.636919, 0.677455, 0.691536, 0.678611, 0.639186, 0.574799, 0.487966, 0.382077, 0.261268, 0.130256, -0.00584322, -0.141714, -0.272051, -0.391763, -0.496177, -0.581215, -0.643555, -0.680763, -0.691388, -0.674993, -0.632294, -0.564569, -0.475568, -0.364178, -0.246337, -0.0891474, 0.0197636, 0.267653, 0.308079, 0.638595, 0.655399, 0.659621, 0.823226, 0.59479, 0.566677, 3.70367
0.647503, 0.662751, 0.384262, 0.238548, 0.13865, 0.162599, 0.316042, 0.32301, 0.343247, 0.264223, 0.173164, 0.0547514, -0.0669309, -0.188829, -0.30353, -0.406637, -0.493881, -0.561855, -0.607889, -0.630185, -0.627871, -0.601039, -0.550734, -0.478923, -0.38841, -0.282728, -0.166005, -0.0428002, 0.0820764, 0.203748, 0.317463, 0.41878, 0.503744, 0.569035, 0.612106, 0.631272, 0.625787, 0.595863, 0.542671, 0.468286, 0.375615, 0.268275, 0.150458, 0.026766, -0.0979713, -0.218883, -0.331246, -0.430675, -0.513284, -0.57585, -0.615927, -0.631952, -0.623298, -0.590304, -0.534257, -0.457347, -0.362577, -0.253648, -0.134814, -0.0107145, 0.113803, 0.233876, 0.344817, 0.442291, 0.522494, 0.582292, 0.619351, 0.632224, 0.620408, 0.584363, 0.525499, 0.446113, 0.349306, 0.238858, 0.119082, -0.0053439, -0.129561, -0.248719, -0.358164, -0.453622, -0.531366, -0.588359, -0.622375, -0.632089, -0.6171, -0.578063, -0.516146, -0.434778, -0.332941, -0.225207, -0.0814996, 0.0180703, 0.244698, 0.281658, 0.583826, 0.599188, 0.603048, 0.75262, 0.543777, 0.518074, 3.70367
0.561472, 0.574694, 0.333206, 0.206852, 0.120227, 0.140994, 0.274049, 0.280091, 0.297639, 0.229115, 0.150154, 0.0474741, -0.0580408, -0.163742, -0.263204, -0.352611, -0.428263, -0.487205, -0.527122, -0.546455, -0.544449, -0.52118, -0.477559, -0.415289, -0.336801, -0.245161, -0.143946, -0.0371109, 0.0711739, 0.176679, 0.275285, 0.363141, 0.436815, 0.493431, 0.530778, 0.547398, 0.542641, 0.516693, 0.470567, 0.406065, 0.325706, 0.232628, 0.130465, 0.0232071, -0.0849569, -0.189803, -0.287237, -0.373455, -0.445088, -0.49934, -0.534092, -0.547987, -0.540483, -0.511872, -0.463271, -0.39658, -0.314401, -0.219944, -0.116899, -0.00928824, 0.0986851, 0.202805, 0.299005, 0.383528, 0.453074, 0.504927, 0.537061, 0.548223, 0.537976, 0.506721, 0.455677, 0.386838, 0.302893, 0.207119, 0.103258, -0.00463655, -0.11235, -0.215675, -0.310579, -0.393353, -0.460767, -0.510187, -0.539683, -0.548106, -0.535108, -0.501257, -0.447566, -0.377009, -0.288703, -0.195282, -0.0706684, 0.015672, 0.212189, 0.244237, 0.506258, 0.519578, 0.522925, 0.652624, 0.471529, 0.44924, 3.70367
0.453519, 0.464195, 0.269144, 0.167084, 0.0971167, 0.11389, 0.221363, 0.226242, 0.240415, 0.185065, 0.121285, 0.0383469, -0.0468816, -0.132261, -0.2126, -0.284818, -0.345924, -0.393534, -0.425777, -0.441393, -0.439772, -0.420978, -0.385743, -0.335445, -0.272047, -0.198026, -0.116271, -0.029976, 0.0574898, 0.142711, 0.222358, 0.293323, 0.352832, 0.398563, 0.42873, 0.442154, 0.438312, 0.417353, 0.380095, 0.327995, 0.263086, 0.187902, 0.105382, 0.0187454, -0.0686229, -0.153311, -0.232013, -0.301654, -0.359515, -0.403336, -0.431407, -0.44263, -0.436569, -0.413459, -0.374202, -0.320333, -0.253954, -0.177658, -0.0944239, -0.00750261, 0.0797117, 0.163813, 0.241517, 0.30979, 0.365965, 0.407849, 0.433805, 0.442821, 0.434544, 0.409298, 0.368068, 0.312464, 0.244658, 0.167298, 0.0834053, -0.00374499, -0.090749, -0.174209, -0.250866, -0.317727, -0.372179, -0.412098, -0.435923, -0.442727, -0.432228, -0.404884, -0.361517, -0.304525, -0.233196, -0.157737, -0.057082, 0.0126588, 0.171392, 0.197279, 0.408922, 0.419681, 0.422387, 0.527143, 0.380872, 0.362858, 3.70367
0.327867, 0.335577, 0.194575, 0.120791, 0.0702105, 0.0823333, 0.160023, 0.163548, 0.173791, 0.133776, 0.0876673, 0.0277093, -0.0339039, -0.0956256, -0.153703, -0.205909, -0.250083, -0.284499, -0.307805, -0.319092, -0.317918, -0.304328, -0.278855, -0.242491, -0.196658, -0.143145, -0.0840425, -0.0216578, 0.0415728, 0.10318, 0.160758, 0.212058, 0.255076, 0.288134, 0.30994, 0.319642, 0.316862, 0.301708, 0.274771, 0.237105, 0.190179, 0.135827, 0.0761701, 0.0135389, -0.049621, -0.110843, -0.167737, -0.21808, -0.259907, -0.291584, -0.311875, -0.319986, -0.315601, -0.298892, -0.270511, -0.231566, -0.183578, -0.128421, -0.0682485, -0.00541131, 0.0576372, 0.118435, 0.174608, 0.223962, 0.26457, 0.294846, 0.313608, 0.320123, 0.314137, 0.295884, 0.266076, 0.225877, 0.176858, 0.120932, 0.0602829, -0.00271978, -0.0656163, -0.12595, -0.181366, -0.229699, -0.269062, -0.297918, -0.315139, -0.320055, -0.312462, -0.292693, -0.26134, -0.220137, -0.168571, -0.114019, -0.0412535, 0.00916372, 0.123914, 0.142628, 0.295625, 0.303402, 0.305358, 0.381084, 0.275347, 0.262319, 3.70367
0.189462, 0.193874, 0.112494, 0.0698786, 0.0406826, 0.0476881, 0.0925649, 0.0945934, 0.100498, 0.0773672, 0.0507126, 0.0160552, -0.0195601, -0.0552391, -0.088813, -0.118994, -0.144533, -0.164433, -0.177912, -0.184444, -0.183772, -0.175924, -0.161207, -0.140193, -0.113705, -0.0827768, -0.0486159, -0.0125565, 0.0239932, 0.059606, 0.0928911, 0.122549, 0.147421, 0.166536, 0.179147, 0.184763, 0.183163, 0.17441, 0.158847, 0.13708, 0.109961, 0.0785469, 0.0440656, 0.00786358, -0.0286456, -0.064036, -0.0969258, -0.126031, -0.150214, -0.168531, -0.180266, -0.184962, -0.182435, -0.172784, -0.156385, -0.133879, -0.106145, -0.0742662, -0.0394869, -0.00316557, 0.0332794, 0.0684247, 0.100898, 0.129431, 0.15291, 0.170417, 0.181269, 0.185043, 0.18159, 0.171046, 0.153822, 0.130592, 0.102261, 0.0699376, 0.0348827, -0.00153449, -0.0378917, -0.0727693, -0.104805, -0.132748, -0.155507, -0.172193, -0.182155, -0.185004, -0.180623, -0.169203, -0.151086, -0.127275, -0.0974728, -0.0659423, -0.0238875, 0.00525974, 0.07157, 0.0824035, 0.170809, 0.175305, 0.176474, 0.220152, 0.159151, 0.151478, 3.70367
0.0438044, 0.0446969, 0.0260673, 0.0162121, 0.00949692, 0.0110676, 0.0213481, 0.0217766, 0.0230957, 0.0177427, 0.0115815, 0.00358428, -0.00462895, -0.0128515, -0.0205842, -0.0275305, -0.0334027, -0.0379716, -0.0410578, -0.0425407, -0.0423623, -0.0405296, -0.0371142, -0.0322494, -0.0261252, -0.0189808, -0.0110952, -0.00277629, 0.00565103, 0.0138577, 0.0215231, 0.0283481, 0.0340661, 0.0384537, 0.0413396, 0.0426112, 0.0422187, 0.0401776, 0.0365675, 0.0315293, 0.0252599, 0.0180041, 0.0100452, 0.00169397, -0.00672338, -0.0148782, -0.022452, -0.029149, -0.0347077, -0.038911, -0.0415948, -0.0426542, -0.042048, -0.0397997, -0.0359972, -0.030789, -0.0243784, -0.0170158, -0.00898867, -0.000610562, 0.00779139, 0.0158891, 0.0233663, 0.029931, 0.0353269, 0.0393432, 0.0418231, 0.0426697, 0.0418501, 0.0393961, 0.0354037, 0.0300287, 0.0234811, 0.0160164, 0.00792637, -0.000473243, -0.00885438, -0.0168897, -0.0242655, -0.0306937, -0.0359233, -0.03975, -0.0420243, -0.0426578, -0.0416241, -0.0389682, -0.0347702, -0.0292617, -0.0223759, -0.0150937, -0.0053957, 0.00133279, 0.0165959, 0.019104, 0.0394353, 0.0404618, 0.0407588, 0.0507265, 0.0368082, 0.0348921, 3.70367
-0.103008, -0.106056, -0.0604421, -0.0370087, -0.0206736, -0.0244971, -0.0491599, -0.0503787, -0.053788, -0.0413032, -0.0269296, -0.00819571, 0.0110401, 0.0302993, 0.048404, 0.06466, 0.0783935, 0.0890684, 0.0962653, 0.0997029, 0.0992471, 0.0949155, 0.0868774, 0.0754466, 0.0610695, 0.0443075, 0.0258153, 0.00631495, -0.013432, -0.0326544, -0.0506016, -0.0665728, -0.0799442, -0.0901937, -0.0969209, -0.0998633, -0.0989059, -0.0940861, -0.0855921, -0.0737556, -0.0590389, -0.0420166, -0.0233535, -0.00377844, 0.0159442, 0.0350442, 0.0527757, 0.0684462, 0.0814438, 0.0912609, 0.0975141, 0.0999593, 0.098501, 0.093196, 0.0842516, 0.0720171, 0.0569702, 0.0396986, 0.0208767, 0.00123948, -0.0184461, -0.0374114, -0.0549156, -0.0702754, -0.0828908, -0.0922692, -0.0980444, -0.0999908, -0.0980324, -0.0922458, -0.0828568, -0.0702321, -0.0548648, -0.037355, -0.0183864, 0.00130027, 0.0209361, 0.0397544, 0.0570202, 0.0720593, 0.0842844, 0.093218, 0.0985113, 0.0999579, 0.097498, 0.0912387, 0.0813674, 0.0684319, 0.0522632, 0.0351948, 0.0123851, -0.00330892, -0.0393957, -0.0450504, -0.093246, -0.0957032, -0.0958226, -0.120675, -0.0861626, -0.0835767, 3.70367
-0.244522, -0.251782, -0.144252, -0.0892737, -0.0510282, -0.0606043, -0.119564, -0.122626, -0.130768, -0.100984, -0.066596, -0.0217359, 0.024406, 0.0706764, 0.114255, 0.15347, 0.186699, 0.212643, 0.230284, 0.238932, 0.23825, 0.228263, 0.209363, 0.182286, 0.148091, 0.108113, 0.0639134, 0.0172175, -0.0301508, -0.0763416, -0.119551, -0.158092, -0.190459, -0.215389, -0.231907, -0.239369, -0.237484, -0.226324, -0.206326, -0.178271, -0.143254, -0.102643, -0.058023, -0.0111376, 0.0361828, 0.0820902, 0.124792, 0.16262, 0.194098, 0.217996, 0.233381, 0.239652, 0.236565, 0.224239, 0.203156, 0.17414, 0.138324, 0.0971055, 0.0520952, 0.00505043, -0.0421915, -0.0877858, -0.129952, -0.167043, -0.197611, -0.220463, -0.234704, -0.239781, -0.235493, -0.222009, -0.199856, -0.169897, -0.133304, -0.0915058, -0.0461337, 0.00103996, 0.048173, 0.0934248, 0.135028, 0.171359, 0.200997, 0.222787, 0.235876, 0.239755, 0.234263, 0.219643, 0.196328, 0.165616, 0.127103, 0.0863412, 0.031818, -0.00586082, -0.0921454, -0.106019, -0.221238, -0.227217, -0.228172, -0.286361, -0.205083, -0.197215, 3.70367
-0.372429, -0.386743, -0.215572, -0.129913, -0.0683289, -0.0821847, -0.172435, -0.177303, -0.190472, -0.145676, -0.0941809, -0.0268831, 0.0421309, 0.111166, 0.175965, 0.234044, 0.282993, 0.320901, 0.346278, 0.358133, 0.356002, 0.339969, 0.31066, 0.269219, 0.217265, 0.156826, 0.090263, 0.020175, -0.0507008, -0.119597, -0.183822, -0.240869, -0.28851, -0.324884, -0.348571, -0.358645, -0.354715, -0.336932, -0.305991, -0.263101, -0.209937, -0.148574, -0.0814093, -0.0110655, 0.0597105, 0.128155, 0.191594, 0.247552, 0.293842, 0.328658, 0.350638, 0.358926, 0.353198, 0.333676, 0.301125, 0.256813, 0.202473, 0.140226, 0.0725031, 0.00194879, -0.0686817, -0.13663, -0.199243, -0.254075, -0.298985, -0.332219, -0.35248, -0.358976, -0.351453, -0.330206, -0.296064, -0.25036, -0.194879, -0.131788, -0.0635502, 0.00716916, 0.0776086, 0.145017, 0.206763, 0.260434, 0.303935, 0.335567, 0.354094, 0.358794, 0.349472, 0.326532, 0.290661, 0.243855, 0.18547, 0.124021, 0.041731, -0.0143879, -0.145075, -0.164625, -0.339445, -0.348932, -0.346755, -0.441644, -0.311032, -0.305888, 3.70367
-0.479088, -0.501366, -0.277297, -0.170713, -0.0922406, -0.114099, -0.234476, -0.242677, -0.261063, -0.202969, -0.135582, -0.0469942, 0.0443071, 0.136064, 0.222646, 0.300732, 0.367088, 0.419121, 0.454788, 0.472695, 0.472143, 0.453153, 0.416467, 0.363518, 0.296372, 0.217653, 0.130434, 0.0381219, -0.0556793, -0.147306, -0.23318, -0.309949, -0.374613, -0.424648, -0.4581, -0.473663, -0.470729, -0.449412, -0.410545, -0.355645, -0.286857, -0.206867, -0.118799, -0.0260909, 0.0676357, 0.158721, 0.243608, 0.318982, 0.381899, 0.429903, 0.461118, 0.474326, 0.469011, 0.44538, 0.404357, 0.347543, 0.277157, 0.195948, 0.107086, 0.0140431, -0.0795486, -0.170034, -0.253879, -0.32781, -0.388939, -0.43488, -0.463838, -0.474683, -0.46699, -0.441061, -0.397908, -0.339217, -0.267278, -0.184902, -0.0953048, -0.00198618, 0.0914101, 0.181237, 0.263986, 0.336426, 0.395728, 0.439576, 0.466258, 0.474734, 0.464656, 0.436471, 0.391006, 0.330816, 0.255011, 0.174732, 0.066642, -0.00755298, -0.18001, -0.206874, -0.437719, -0.451118, -0.448947, -0.573024, -0.399753, -0.393173, 3.70367
-0.549365, -0.592947, -0.298523, -0.167394, -0.0570909, -0.0776737, -0.217458, -0.227523, -0.252487, -0.18851, -0.115595, -0.0191396, 0.0791085, 0.176885, 0.267918, 0.348728, 0.415934, 0.466914, 0.499661, 0.512897, 0.506103, 0.479545, 0.434261, 0.372017, 0.295247, 0.206946, 0.110564, 0.00986397, -0.0912211, -0.188744, -0.278896, -0.358157, -0.423431, -0.47217, -0.502469, -0.513147, -0.503786, -0.474751, -0.427177, -0.36292, -0.284492, -0.194953, -0.0978011, 0.0031699, 0.104017, 0.200802, 0.289746, 0.367375, 0.430657, 0.477121, 0.504954, 0.513067, 0.501144, 0.469651, 0.419817, 0.353589, 0.273553, 0.182834, 0.0849754, -0.0162017, -0.116746, -0.212731, -0.300409, -0.376356, -0.437605, -0.481765, -0.507112, -0.512655, -0.498179, -0.464247, -0.412187, -0.34403, -0.262438, -0.170597, -0.0720948, 0.0292231, 0.1294, 0.224523, 0.310879, 0.385094, 0.444271, 0.486099, 0.508942, 0.511914, 0.494876, 0.45856, 0.404053, 0.334417, 0.248497, 0.159383, 0.0389879, -0.0398361, -0.23428, -0.258055, -0.519779, -0.540278, -0.518736, -0.690517, -0.46074, -0.471333, 3.70367
-0.583856, -0.643827, -0.309085, -0.187515, -0.0709729, -0.114129, -0.280187, -0.300601, -0.333265, -0.263876, -0.181966, -0.0714951, 0.0429901, 0.158748, 0.268495, 0.368028, 0.453205, 0.520702, 0.567866, 0.592855, 0.594692, 0.573306, 0.529531, 0.465078, 0.382462, 0.284911, 0.176234, 0.0606744, -0.0572544, -0.172947, -0.281887, -0.379818, -0.462916, -0.527938, -0.572342, -0.594396, -0.593238, -0.568913, -0.522371, -0.45543, -0.370704, -0.271502, -0.161696, -0.0455769, 0.0723226, 0.187398, 0.295155, 0.391386, 0.472332, 0.534834, 0.576449, 0.595554, 0.591401, 0.564153, 0.514874, 0.445489, 0.358707, 0.257917, 0.147055, 0.0304499, -0.0873441, -0.201727, -0.308232, -0.402701, -0.481443, -0.541385, -0.580184, -0.596327, -0.589182, -0.559029, -0.507045, -0.435261, -0.346478, -0.244166, -0.132318, -0.0153033, 0.102309, 0.215926, 0.321111, 0.413756, 0.490244, 0.547587, 0.583544, 0.596717, 0.586566, 0.553562, 0.498622, 0.424943, 0.331037, 0.231554, 0.0948261, 0.00305825, -0.220495, -0.252996, -0.552328, -0.58149, -0.552016, -0.751717, -0.475145, -0.495417, 3.70367
-0.560663, -0.65404, -0.24947, -0.114598, 0.0637985, 0.0429124, -0.111489, -0.12709, -0.165646, -0.104561, -0.0376673, 0.0533909, 0.143589, 0.231317, 0.310208, 0.377272, 0.42962, 0.465211, 0.482636, 0.481214, 0.461, 0.422784, 0.368057, 0.298957, 0.218182, 0.128888, 0.0345595, -0.0611182, -0.154409, -0.24167, -0.319494, -0.384841, -0.435159, -0.468484, -0.483514, -0.479662, -0.457078, -0.416645, -0.359942, -0.289182, -0.207129, -0.116988, -0.0222783, 0.0733016, 0.166019, 0.252253, 0.328636, 0.392186, 0.44042, 0.471455, 0.484079, 0.4778, 0.452861, 0.410238, 0.351595, 0.279221, 0.195943, 0.105013, 0.00998275, -0.0854376, -0.177522, -0.262673, -0.337567, -0.399278, -0.445397, -0.474123, -0.484333, -0.47563, -0.448352, -0.403566, -0.34302, -0.269079, -0.18463, -0.0929706, 0.00231924, 0.0975185, 0.18891, 0.272924, 0.346279, 0.406113, 0.450086, 0.476484, 0.484273, 0.473154, 0.443535, 0.39665, 0.333937, 0.258929, 0.169965, 0.0817561, -0.0392872, -0.110799, -0.314331, -0.332362, -0.610577, -0.660716, -0.591109, -0.822291, -0.507336, -0.510313, 3.70367
-0.533364, -0.613356, -0.203977, -0.107425, 0.064268, -0.0225936, -0.204174, -0.251247, -0.301087, -0.243711, -0.171752, -0.0695563, 0.0370264, 0.145425, 0.24838, 0.341935, 0.422158, 0.485914, 0.530696, 0.554755, 0.55715, 0.537788, 0.497424, 0.437635, 0.360756, 0.269789, 0.168286, 0.0602116, -0.0502142, -0.158679, -0.260947, -0.353025, -0.431317, -0.492765, -0.534971, -0.556284, -0.555875, -0.533757, -0.490796, -0.428668, -0.3498, -0.257273, -0.154698, -0.0460821, 0.0643334, 0.172236, 0.273414, 0.363913, 0.440202, 0.4993, 0.5389, 0.557455, 0.554241, 0.529382, 0.483851, 0.419425, 0.338619, 0.24459, 0.14101, 0.0319228, -0.078411, -0.185683, -0.285703, -0.374567, -0.448803, -0.505513, -0.542482, -0.558266, -0.552249, -0.524666, -0.476594, -0.409911, -0.32722, -0.23175, -0.127231, -0.0177429, 0.0924381, 0.199009, 0.297809, 0.384978, 0.457114, 0.511399, 0.545712, 0.558718, 0.549882, 0.519628, 0.468737, 0.400312, 0.31233, 0.219791, 0.0885921, 0.00330905, -0.218387, -0.256149, -0.540844, -0.618745, -0.498868, -0.767382, -0.405367, -0.395582, 3.70367
-0.498488, -0.490005, -0.121507, -0.0435059, 0.170886, 0.152511, 0.0393515, 0.0357858, 0.00401941, 0.0578097, 0.109553, 0.178463, 0.241313, 0.297748, 0.342717, 0.374581, 0.391833, 0.393801, 0.380393, 0.35213, 0.310116, 0.255992, 0.191871, 0.120257, 0.0439474, -0.0340789, -0.110774, -0.183144, -0.248361, -0.30388, -0.347532, -0.377612, -0.392946, -0.392935, -0.377579, -0.347478, -0.303808, -0.248274, -0.183044, -0.110666, -0.0339666, 0.0440593, 0.120365, 0.19197, 0.256078, 0.310186, 0.352181, 0.380423, 0.393808, 0.391815, 0.374522, 0.342602, 0.297304, 0.240395, 0.174099, 0.101003, 0.0239639, -0.0540114, -0.129877, -0.200672, -0.263629, -0.316292, -0.356603, -0.382988, -0.394417, -0.390444, -0.371223, -0.337505, -0.290607, -0.232361, -0.165041, -0.0912755, -0.0139458, 0.0639286, 0.139306, 0.209244, 0.271011, 0.322194, 0.360795, 0.385307, 0.394771, 0.38882, 0.367683, 0.33219, 0.283704, 0.224176, 0.155564, 0.0814049, 0.000353891, -0.0755065, -0.17658, -0.236822, -0.414192, -0.449461, -0.709775, -0.769037, -0.715747, -0.79583, -0.520528, -0.442828, 3.70367
-0.454268, -0.32716, -0.138864, 0.0378768, 0.244904, 0.13715, -0.010558, -0.0947887, -0.148809, -0.116627, -0.0640704, 0.012798, 0.0925318, 0.171805, 0.244779, 0.30849, 0.360188, 0.397839, 0.419957, 0.425675, 0.41477, 0.387668, 0.345428, 0.289697, 0.222654, 0.146915, 0.0654399, -0.0185912, -0.101896, -0.181222, -0.253471, -0.315822, -0.365839, -0.40157, -0.421619, -0.425203, -0.412182, -0.383065, -0.338989, -0.281675, -0.213362, -0.136716, -0.0547308, 0.0293913, 0.112366, 0.190952, 0.262081, 0.322976, 0.371258, 0.405042, 0.423009, 0.424456, 0.409328, 0.378215, 0.332333, 0.273472, 0.203932, 0.126428, 0.0439864, -0.0401725, -0.122763, -0.200559, -0.270523, -0.329922, -0.376438, -0.408254, -0.424126, -0.423436, -0.40621, -0.373121, -0.325461, -0.265092, -0.19437, -0.116058, -0.0332137, 0.0509277, 0.13308, 0.210036, 0.278789, 0.336656, 0.381375, 0.411201, 0.424969, 0.422143, 0.402812, 0.367788, 0.318107, 0.256496, 0.181641, 0.10437, -0.00040053, -0.0768713, -0.245317, -0.316596, -0.494029, -0.615533, -0.422604, -0.498331, -0.360574, -0.0399765, 3.70367
-0.625218, -0.219394, 0.00559549, 0.0784056, 0.11779, 0.0773317, 0.00862363, 0.0529637, 0.0684647, 0.141296, 0.200466, 0.265179, 0.318302, 0.360774, 0.389043, 0.40228, 0.3998, 0.381718, 0.34873, 0.302123, 0.243719, 0.175796, 0.101009, 0.0222769, -0.0573249, -0.134688, -0.206792, -0.27082, -0.324272, -0.365061, -0.391593, -0.402834, -0.398343, -0.378297, -0.343477, -0.295245, -0.235482, -0.166524, -0.0910624, -0.012045, 0.0674428, 0.144297, 0.215516, 0.278319, 0.330253, 0.36929, 0.393906, 0.40314, 0.39663, 0.374632, 0.338003, 0.288175, 0.227094, 0.157144, 0.0810573, 0.00180532, -0.0775171, -0.153812, -0.224101, -0.285638, -0.336021, -0.373282, -0.395965, -0.403186, -0.394661, -0.370725, -0.332311, -0.28092, -0.218559, -0.147663, -0.0709998, 0.00843555, 0.0875415, 0.163229, 0.232542, 0.292774, 0.341573, 0.377032, 0.397769, 0.402972, 0.392438, 0.366579, 0.326403, 0.273479, 0.209854, 0.137999, 0.060441, -0.0197888, -0.1027, -0.18278, -0.281606, -0.361583, -0.547249, -0.60207, -0.917059, -0.806104, -0.860834, -0.697174, -0.43112, -0.522064, 3.70367
-0.173934, 0.0645081, -0.115652, 0.18758, 0.298121, 0.326151, 0.239125, 0.136706, 0.0802023, 0.0714934, 0.0971389, 0.138433, 0.183125, 0.224077, 0.257447, 0.281129, 0.293936, 0.295291, 0.285121, 0.263819, 0.232214, 0.191541, 0.143388, 0.0896351, 0.0323823, -0.0261351, -0.083632, -0.137863, -0.18671, -0.228266, -0.260908, -0.283361, -0.294748, -0.294625, -0.282997, -0.260317, -0.227471, -0.185743, -0.136761, -0.0824378, -0.0248957, 0.0336186, 0.09082, 0.144475, 0.192488, 0.232984, 0.264381, 0.285455, 0.29538, 0.293771, 0.28069, 0.256647, 0.222582, 0.179825, 0.130045, 0.0751873, 0.0173931, -0.0410803, -0.0979495, -0.150994, -0.198141, -0.237551, -0.267684, -0.287364, -0.295822, -0.292728, -0.278202, -0.252812, -0.217549, -0.173791, -0.123246, -0.0678883, -0.00987926, 0.0485156, 0.105016, 0.157415, 0.203667, 0.241966, 0.270815, 0.289089, 0.296073, 0.291495, 0.275534, 0.24881, 0.212358, 0.167574, 0.116092, 0.0596145, -0.000613176, -0.0644281, -0.133627, -0.21359, -0.302981, -0.402907, -0.464983, -0.432018, -0.360195, -0.019865, -0.170585, 0.141692, 3.70367
