nx: 100,
ny: 100,
x_range: [0, 3.14593],
y_range: [0, 1.57296],
t_range: [0, 10],
CFL: 0.01,
